1020775027
1042567781
1079010925
1138726700
1168640032
1228787262
1234790471
1248842357
1372741913
1406849290
1420511790
1421111940
1454478973
1500836462
1547870093
1548007225
1567708522
1589327597
1632404762
1651458313
1661504521
1661764154
1696171987
1703027843
1709037903
1748289381
1751657771
1759187001
1765714357
1769408302
1773293645
1785688271
1790828925
1792299150
1799206051
1806161604
1808389185
1822326723
1836000055
1837357703
1838732425
1840836215
1848957815
1852074170
1854145620
1861892543
1863564974
1871325292
1877378681
1882357971
1910502377
1911217145
1935744093
1940969823
1967261737
1974479841
1989154545
1993345843
1999015571
2011040973
2011725087
2015386797
2039563613
2047042225
2048751855
2100618111
2105154394
2117602613
2137916700
2148096470
2150082852
2154086005
2159980680
2176839582
2178112353
2198392783
2209266361
2212332365
2219060374
2250577962
2252239135
2261985807
2266929734
2269856273
2280500821
2297604681
2316054344
2336841867
2353867171
2362912191
2363244342
2370059625
2376127493
2397677347
2402919062
2408831301
2416293627
2421989594
2425625664
2425906770
2427719252
2439582523
2445581483
2446127723
2454406052
2462513212
2464522944
2482130440
2505144181
2506864850
2516287864
2527851443
2536244801
2537091552
2559974124
2566460195
2620297080
2636102905
2640757745
2642012541
2645226707
2651763983
2658360860
2683640041
2690460850
2697889040
2704985784
2708196295
2710790590
2713357260
2713980837
2718057251
2721467603
2727548462
2731967257
2736951561
2741560895
2759966815
2779978300
2792460081
2802237441
2804558304
2809358445
2833596714
2835930037
2884886980
2892383321
2936718675
2940383507
3009788580
3013998383
3059415433
3096852645
3099417981
3123321685
3130695427
3144846065
3152123873
3164237360
3169250251
3188803720
3196244533
3196593147
3205772372
3210990975
3220734977
3276434022
3514732862
3523268530
3526501890
3560929395
3566804691
3588384283
3729636372
3742291544
3788347740
3798314500
3799238967
3844902093
3851383792
3881399303
3887398660
3911558393
3933751869
3951119069
4000177130
4000458536
4000721619
4001004648
4001121564
4001274088
4001580021
4001754332
4002211559
4002279870
4002465273
4002639337
4002977369
4002986194
4003201603
4003369115
4003408147
4003431228
4003534725
4004152105
4004470669
4004510525
4004805549
4005124409
4005469981
4006399947
4006462364
4006463765
4006516714
4006665787
4006838133
4007381719
4007865762
4007938190
4008961638
4009109653
4009137343
4009356847
4009420077
4009831137
4009892266
4010013732
4010394566
4010638611
4010834727
4010863298
4011168548
4011498621
4011840877
4011973379
4011982697
4011991301
4012062391
4012084981
4012105165
4012172155
4012336510
4012342759
4012455074
4012517395
4012739626
4012930431
4013228283
4013452260
4013477126
4013546106
4013582970
4013721307
4013802223
4013939870
4014647941
4014649551
4014711928
4014889802
4014988006
4015044611
4015077794
4015532546
4015555433
4015610634
4015692016
4015937594
4015978357
4016014066
4016173678
4016412847
4016469186
4016529929
4017368412
4017501804
4017520596
4017525948
4017596877
4017682748
4017716297
4018668086
4018762509
4019100126
4019156711
4019265349
4019330523
4019521075
4019608949
4019677588
4019914947
4019965124
4020194373
4020403243
4020565207
4020677840
4020681053
4020853545
4021195076
4021713319
4022130277
4022173552
4022339179
4022363964
4022392028
4022779645
4022944289
4023284356
4023442216
4023499445
4023502907
4023638844
4023656138
4023981122
4024108299
4024470041
4024907228
4025104370
4025171610
4025450840
4025550031
4025612598
4025682799
4026028485
4026116991
4026332276
4026415034
4026480792
4026501685
4027263892
4027297350
4027470191
4027782105
4027798386
4027947933
4028276400
4028587845
4028629724
4028675744
4028807559
4028839744
4028933901
4029131597
4029316191
4029628045
4029647664
4030127135
4030248598
4030274777
4030302514
4030971474
4031046085
4031072235
4031274731
4031395246
4031621648
4032056197
4032532603
4032665548
4032831802
4032861738
4032897667
4033375266
4033396059
4033639765
4033750277
4033829775
4034003082
4034223986
4034257841
4034590256
4034759146
4035013187
4035034177
4035050838
4035266859
4035279773
4035380293
4036098778
4036108767
4036203382
4036281817
4036581831
4036748625
4037410529
4037479374
4037527055
4037922431
4037974772
4038068346
4038172811
4038191806
4038282027
4038434955
4038868147
4038919044
4039077442
4039251394
4039409631
4039686798
4039764545
4039837445
4039980741
4040124625
4040178179
4040324153
4040368274
4040680764
4040682807
4040715683
4041076159
4041160791
4041455133
4041470937
4041527804
4041878741
4041933690
4042096638
4042415020
4042664925
4042674884
4042780263
4042999076
4043079872
4043154249
4043241568
4043256011
4043471915
4043532736
4043707288
4044178490
4044270670
4044349617
4044443573
4044473714
4044732232
4044805539
4045008707
4045553342
4045617452
4045627121
4045651613
4045797110
4045863600
4045916485
4045929535
4046306705
4046319134
4046418450
4046531596
4046621246
4046728145
4046776538
4047069674
4047099132
4047138994
4047193911
4047205106
4047226607
4048083049
4048306022
4048391153
4048853608
4049058150
4049172967
4049586043
4049703773
4049770757
4049849386
4049852062
4049958166
4049974372
4050194452
4050302923
4050692073
4050754464
4050922510
4051215775
4051520308
4051790062
4051908713
4051965572
4052271710
4052345057
4052390331
4052410231
4052655619
4052677338
4052993245
4053267369
4053987063
4054090705
4054480998
4054852856
4054900335
4054901317
4055066255
4055227867
4055627179
4055692889
4055897802
4056051212
4056203881
4056935710
4057018861
4057049231
4057125519
4057195448
4057308362
4057364753
4057634366
4057816741
4057863286
4057932842
4058025584
4058208192
4058253273
4058259230
4058511848
4058668977
4059013964
4059583193
4059818920
4059867176
4060124450
4060180290
4060675621
4060741085
4060764543
4060783336
4060891360
4061635924
4061809106
4061960449
4062043502
4062044994
4062279587
4062390722
4062839679
4062897236
4062934358
4062944148
4063079380
4063327813
4063561190
4063812728
4063912311
4064657556
4064727783
4065051002
4065131779
4065179769
4065181353
4065470750
4065673228
4065885460
4066513803
4067035119
4067053777
4067087245
4067131803
4067157870
4068041709
4068338592
4068611490
4068646335
4068798683
4069264078
4070269827
4070424304
4070505843
4070705826
4070830816
4070899601
4071072958
4071316759
4071568334
4071691408
4071829529
4072089587
4072426761
4072456165
4072590046
4073037053
4073612043
4074077505
4074209622
4074265246
4074546863
4074956748
4075009812
4075151653
4075192674
4075370474
4075412178
4075428416
4075477437
4075512769
4075520242
4076076316
4076217921
4076397211
4076659616
4077221867
4077284427
4077319698
4077521072
4078068677
4078249364
4078898755
4078907603
4079398241
4079584097
4079585777
4080690305
4080802464
4080848631
4080857105
4080970637
4081209024
4081517496
4081798448
4082175162
4082802141
4082959579
4082964446
4083238795
4083533647
4083582131
4083674605
4083834987
4084054288
4084508493
4085617800
4085707353
4085728991
4086282221
4086563311
4086643586
4086665267
4086677522
4086740696
4086755475
4086985083
4087212921
4087257910
4087268023
4087709500
4087861400
4087870385
4087914893
4088062118
4088165712
4088204248
4088376966
4088674577
4088703023
4088713739
4088860625
4088891102
4089027547
4089117600
4089211626
4089426732
4089649658
4090128553
4090184380
4090344569
4090776508
4090917074
4091034406
4091098343
4091231062
4091266033
4092097709
4092257500
4092356152
4092612167
4092964958
4093411736
4093493782
4093855784
4093881894
4094162482
4094465225
4095155015
4095812783
4096070191
4096116440
4096525500
4096536314
4096595122
4096683527
4096768165
4096912444
4097063719
4097353196
4097618208
4097748394
4097967163
4097974414
4098012352
4098041666
4098273000
4098323673
4098379694
4098452334
4098725903
4099123443
4099125737
4099322018
4099941200
4099994675
5030308642
5034270441
5071180158
5088446375
5146743659
5165436205
5182106332
5235777444
5237052776
5290642053
5304391888
5323541229
5347056441
5383902752
5404013856
5456157976
5465440062
5499872960
5509649089
5528135175
5531674290
5538899357
5554557324
5561050324
5582584909
5585531173
5592126080
5601224963
5606716867
5626066985
5633104553
5636507420
5655184809
5656594260
5675287683
5687257073
5697145387
5716468293
5744190325
5762999670
5886257759
5888629915
5945333213
5953446129
5976124278
5992737174
6008309228
6028702877
6049842356
6050313210
6050761678
6052854666
6065049253
6065195093
6069831869
6095022643
6107760784
6164070555
6174299688
6174459215
6233250472
6262923745
6304873889
6327248296
6331528666
6331970191
6333450325
6344100685
6346737618
6351082920
6377291395
6416418383
6425490313
6433882800
6439956833
6440208144
6447825318
6450407226
6463509483
6490918714
6503288317
6505610744
6507101752
6510499500
6519501311
6533075851
6537277458
6537366780
6542437799
6557037103
6558435298
6561036759
6562408119
6562987822
6578495535
6595516982
6595517551
6602971398
6603731834
6610144326
6621694731
6636173415
6637753593
6646106681
6646432146
6646558420
6646584449
6648492796
6648494751
6649525709
6649527456
6654722133
6676506045
6702766768
6725228764
6761843727
6795950194
6795950312
6887147028
6995478686
7002195500
7011189472
7015421560
7042196821
7146518918
7160193674
7166258422
7187927771
7191505896
7307200304
7317564316
7318211777
7319195230
7324888582
7327433177
7329280001
7330557094
7331002839
7366210353
7368742248
7373648447
7401061506
7401073843
7401091174
7401241389
7401257168
7401274422
7401276270
7401323090
7401332671
7401356763
7401370248
7403342206
7404366527
7404374333
7404730361
7404747371
7404748558
7404749937
7404791216
7405058144
7409858377
7414463242
7418493947
7421911692
7438606947
7439516725
7439579808
7441423508
7446243914
7449106553
7455042443
7459368642
7460912706
7464162159
7469665657
7471210294
7472266293
7473400681
7474105895
7476473631
7480856840
7482791841
7483813226
7492300407
7493063409
7495402192
7501579130
7502144897
7505916043
7508960352
7516705192
7521065735
7526418067
7530151939
7531167589
7535324026
7545429907
7546033733
7546130079
7546619916
7548651272
7549086850
7561783812
7563243654
7563420773
7564022601
7566807025
7568536735
7572584288
7580435159
7582838417
7586473451
7599690322
7600743075
7601512983
7604173779
7610072966
7610995923
7611262253
7615496675
7617334432
7620612368
7622951723
7628216250
7635129549
7649784639
7653791063
7659783106
7667564441
7669261484
7679216466
7683042927
7684635565
7684648030
7690301720
7694999133
7695619863
7696669326
7696770012
7696818905
7697018468
7697018539
7703244415
7703755513
7704514984
7710388734
7711187256
7711779009
7712210636
7713314659
7713975895
7714108216
7714758295
7714811696
7715254705
7715256072
7715395647
7715834012
7716340205
7716489896
7716683758
7717052452
7717745413
7718496018
7718682884
7719488047
7719812042
7720161553
7720462664
7721360539
7721418723
7721683407
7721683439
7721723752
7721767595
7721951407
7721955871
7722085925
7722090551
7722098258
7722300107
7722379437
7722801207
7723056828
7723230679
7723447100
7723613816
7723857268
7724268211
7724280407
7724555629
7724590965
7724591494
7724751764
7725069193
7725900910
7725980253
7726692222
7726834054
7726941529
7728001934
7728419192
7728934343
7729019226
7729047866
7729326528
7729980377
7729987460
7730202808
7731290297
7731671243
7732640906
7732801471
7732802439
7732828355
7733059284
7733147716
7733847401
7733959239
7734089895
7735134117
7735401130
7735534588
7735711720
7735831336
7739050902
7739838209
7740122655
7740414696
7743933436
7744274723
7744274732
7744304296
7744340584
7744931253
7745203538
7745492632
7746157819
7746368523
7746672749
7746672751
7746776207
7746871401
7747069635
7747414782
7747840867
7747840872
7747943916
7747953620
7747955039
7748019590
7748019592
7748117778
7748187013
7748251158
7748719706
7748719709
7748879716
7748889980
7749299862
7749589508
7749713897
7749838786
7750507529
7750613424
7750642700
7750705545
7750751561
7750773382
7751439859
7752245681
7752529570
7756498523
7756834481
7759523911
7761873440
7762133325
7762615305
7762615345
7763028843
7763259363
7763377376
7763493761
7763767702
7764532010
7765510544
7765693425
7772730848
7773858942
7775735378
7781982067
7782457284
7782457529
7782839166
7782886433
7782937197
7783034832
7783035221
7783035272
7783035479
7783365402
7783468355
7783468557
7787601450
7787651032
7787652208
7787702133
7787747295
7787837010
7787838031
7787838350
7787937043
7787983729
7787986661
7788035055
7790838003
7790927015
7791042364
7791712924
7792626049
7793264178
7793463359
7793542377
7793725641
7795105472
7795313516
7795769347
7797858298
7798183694
7798183695
7798834846
7799375175
7799472397
7799704216
7801029191
7806363053
7806458006
7806583908
7806732178
7806776127
7806778422
7807400298
7807725984
7807974192
7808961411
7842364663
7881301213
7886534035
7895700057
7895700068
7895700073
7895700075
7895700127
7895700128
7895700129
7895773219
7895773220
7895773259
7895847285
7895847289
7895847291
7895847292
7895847293
7895847296
7895847315
7895847363
7895921284
7895921333
7895921349
7895921368
7895995797
7895995862
7895995863
7895995865
7895995876
7904122644
7909623539
7909623687
7909623865
7909623882
7909624286
7909624302
7909624363
7909624441
7909624483
7909624503
7909624616
7909624631
7909625665
7909625745
7909694703
7909694710
7909695011
7909695066
7909695153
7909695155
7909695181
7909695206
7909695684
7909695690
7909762274
7909766067
7909766445
7909766475
7909766795
7909767038
7909767112
7909767440
7909768146
7909768260
7909838071
7909838343
7909838715
7909838858
7909838878
7909840067
7909902066
7909902329
7909902341
7909902649
7909902751
7909902757
7909902758
7909902825
7909902827
7909903182
7909943359
7909950006
7909950976
7909951048
7909951427
7909951450
7909951461
7910002959
7910002968
7910003355
7910003521
7910003730
7910003830
7910003942
7910004236
7910004293
7910005090
7910081953
7910082007
7910082063
7910082635
7910082636
7910083086
7910083090
7910084071
7910156045
7910160430
7910160914
7910161203
7910161370
7910161376
7910161464
7910161486
7910161589
7910161682
7910161716
7910161722
7910162045
7910162049
7910162068
7910162082
7910162085
7910240307
7910240343
7910240449
7910240605
7910241000
7910241259
7910241731
7910241744
7910241767
7915475684
7915584892
7915647348
7915647814
7915801609
7916081721
7916346517
7917380792
7918079040
7918891917
7919993373
7919994942
7920071088
7920075313
7921076931
7921413741
7921500667
7921946574
7921951435
7922087032
7922171587
7922352434
7922515135
7923157220
7923487551
7924878190
7925461474
7925587558
7928381336
7928853569
7929374451
7930113242
7930199204
7931908988
7932519196
7932568912
7932569589
7932672736
7932781218
7932943714
7933010522
7933022356
7933139877
7933197842
7934151095
7937720198
7946686687
7946707794
7946832018
7946833404
7946907394
7946917167
7947013903
7947099655
7947297000
7947318118
7947417695
7947599309
7947622724
7947740847
7947781317
7947903111
7948467724
7950525515
7951801386
7952082536
7952981900
7954397138
7954456493
7956269976
7958069108
7958427748
7958481081
7959357495
7959371554
7959386230
7959726597
7960572907
7961039915
7961421858
7961561777
7961738507
7961872116
7962111174
7962116340
7962193979
7962461809
7962535099
7962661155
7962890352
7962970408
7962970443
7962971019
7962996140
7963013456
7963218340
7963392595
7963430900
7963468989
7963913929
7963952500
7963952601
7964004446
7964332316
7964333027
7964404166
7964404333
7964404341
7964465110
7964470498
7964471259
7964471299
7964471560
7964471760
7964472511
7964474283
7964474292
7964474372
7964474456
7964486925
7964539965
7964540167
7964540234
7964543469
7964543976
7964544045
7964556111
7964581534
7964624690
7964625570
7964625605
7964652435
7964652555
7964653121
7964727526
7964992637
7965145514
7965164261
7965635066
7965804407
7965977323
7966719526
7966874305
7967386369
7968666656
7968784482
7968816877
7969008130
7969047274
7969047523
7969047729
7969047736
7969047770
7969047932
7969048050
7969048119
7969048447
7969186895
7969260242
7969285786
7969564191
7969581593
7969592694
7969676098
7969782580
7969791943
7969811631
7970053582
7970140525
7970406841
7970594970
7970738818
7971062913
7971106354
7971110043
7971164317
7971282387
7971553323
7971693089
7971807777
7971829498
7972188513
7972382710
7972442000
7972846808
7973008871
7973150383
7973180354
7973311426
7973325174
7973327801
7973395094
7973412155
7973614946
7973744335
7974033927
7974071820
7974209977
7974211183
7974245152
7974326380
7974342044
7974409941
7974421608
7974537443
7974612247
7974629788
7974727198
7974805890
7974847198
7974850818
7974867740
7974922086
7975092414
7975117998
7975130483
7975169969
7975890487
7975969053
7975984060
7975984436
7976060213
7976135644
7976299926
7976501705
7979495531
7981049113
7981201990
7981990562
7982082593
7983610609
7986018599
7986333804
7986460750
7987002172
7987669963
7988616957
7989180804
7989293716
7989541553
7989652334
7989710311
7990013037
7990056620
7990057266
7990083932
7990085683
7990146508
7990147022
7990285160
7990949303
7990958445
7991302310
7991357898
7991359540
7991809104
7991911554
7991911678
7991912399
7991976950
7992217748
7992288176
7992292207
7992336361
7992402535
7992402951
7992573968
7994450389
7994591561
7994616003
7994662705
7994903929
7994904586
7994908855
7994909819
7994911006
7994981286
7995113200
7995114330
7995134818
7995149966
7995279836
7995279855
7995350209
7995355428
7995427696
7995487692
7995550145
7995553774
7995555337
7995561255
7995571448
7995609960
7995614836
7995615658
7995620987
7995740994
7995805774
7995957870
7995968072
7995971841
7996099575
7996136754
7996156403
7996162349
7996235328
7996239729
7996245652
7996249663
7996336300
7996358987
7996398166
7996430887
7996544507
7996545775
7996547450
7996560472
7996568020
7996568914
7996576710
7996583286
7996583315
7996590799
7996705176
7996787303
7996787854
7996795385
7996906606
7996925658
7996932246
7996962238
7997034890
7997036808
7997383668
7997464162
7997508758
7997517397
7997974248
7998174949
7998893976
8001631246
8002474642
8002474727
8002474998
8002475110
8002475141
8002475154
8002475176
8002475233
8002475269
8002475284
8002475378
8002475429
8002475512
8002475520
8002475521
8002475538
8002475717
8002475817
8002475998
8002476005
8002476074
8002843981
8002844082
8002844083
8002844084
8002844374
8002844438
8002844439
8002844445
8002844505
8002844603
8002844677
8002844774
8002844882
8002845006
8002845113
8002845209
8002845278
8002914490
8002914712
8002914730
8002914752
8002914753
8002914854
8002915132
8002915234
8002915382
8002915491
8002915530
8002915531
8002915680
8002915702
8002915710
8002915711
8002965536
8002984612
8002984613
8002984974
8002985101
8002985112
8002985138
8002985341
8002985351
8002985451
8002985452
8002985462
8002985558
8002985594
8002985713
8002985759
8002985831
8002985859
8002985881
8002985906
8003020905
8003053803
8003053831
8003054344
8003054345
8003054970
8003127757
8003213176
8003213286
8003213314
8003213315
8003213526
8003213752
8003213797
8003213961
8003213982
8003214003
8003214021
8003214060
8003214061
8003214112
8003214113
8003214174
8003214272
8003214273
8003214339
8003214391
8003214392
8003214572
8003214616
8003214617
8003214719
8003214763
8003214844
8003214861
8003214878
8003214902
8003214932
8003214947
8003215002
8003215033
8003215034
8003215066
8003215067
8003215087
8003215088
8003215115
8003215116
8003215188
8003215264
8003215285
8003286499
8003286725
8003286770
8003286848
8003286849
8003287057
8003287087
8003287088
8003287241
8003287260
8003287305
8003287320
8003287400
8003287436
8003287437
8003287460
8003287480
8003287505
8003287506
8003287606
8003287623
8003287633
8003287673
8003287674
8003287698
8003287717
8003287865
8003287973
8003288034
8003288035
8003288089
8003288090
8003288135
8003288136
8003288164
8003288185
8003288289
8003288328
8003288329
8003288411
8003288412
8003288468
8003288540
8003359000
8003359178
8003359179
8003359218
8003359261
8003359504
8003359698
8003359699
8003359720
8003359757
8003359830
8003359841
8003359899
8003359944
8003359945
8003360061
8003360096
8003360253
8003360268
8003360321
8003360374
8003360402
8003360403
8003360432
8003360433
8003360501
8003360502
8003360546
8003360577
8003360627
8003360628
8003360646
8003360699
8003360700
8003360806
8003360835
8003360841
8003360941
8003360960
8003360991
8003361015
8003361016
8003361117
8003431582
8003431727
8003431728
8003431811
8003431906
8003431907
8003431944
8003432160
8003432273
8003432292
8003432293
8003432310
8003432404
8003432427
8003432428
8003432463
8003432634
8003432656
8003432670
8003432702
8003432703
8003432730
8003432750
8003432758
8003432894
8003432917
8003432918
8003432919
8003432975
8003433010
8003433063
8003433168
8003433191
8003433192
8003433206
8003433207
8003433243
8003433272
8003433273
8003433289
8003433309
8003433367
8003433473
8003433511
8003433512
8003433548
8003433569
8003503496
8003503497
8003503562
8003503599
8003503600
8003503614
8003503615
8003503730
8003503731
8003503770
8003503879
8003503880
8003504101
8003504302
8003504337
8003504360
8003504361
8003504376
8003504377
8003504417
8003504443
8003504464
8003504635
8003504662
8003504679
8003504706
8003504707
8003504834
8003504856
8003504914
8003504941
8003504963
8003504964
8003505007
8003505008
8003505070
8003505090
8003505155
8003505216
8003505305
8003505306
8003505337
8003505338
8003505441
8003505471
8003505472
8003505496
8003505637
8003505638
8003538785
8003553777
8003562901
8003571064
8003572326
8003636174
8003641632
8003949733
8003974875
8003986614
8004011520
8004018044
8004081650
8004083556
8004195937
8004463058
8004491878
8004592365
8004618364
8004775795
8004989933
8005388637
8005434611
8005690119
8005732296
8006060779
8007334759
8007446470
8007883950
8009510943
8009999045
8010041402
8010046871
8010405525
8010448137
8010538509
8010562222
8010727048
8011432273
8011476791
8011479039
8011500829
8011543987
8011667794
8011706988
8011808701
8012114369
8012149179
8012176485
8012561933
8012569094
8012576296
8012585369
8012585514
8012596394
8012618965
8012625288
8012629345
8012673940
8012674280
8012762475
8012810180
8012918265
8012938960
8012981921
8013065326
8013084363
8013088964
8013118953
8013143584
8013169707
8013188234
8013203739
8013500386
8013589556
8013679940
8013859701
8013893565
8013925050
8013988691
8013992387
8014014313
8014050333
8014144062
8014316872
8014422924
8014473776
8014486462
8014662464
8014693561
8014819099
8014915512
8015080442
8015105031
8015135131
8015205657
8015219548
8015231849
8015248579
8015385470
8015417349
8015436539
8015497466
8015549301
8015555930
8015574114
8015582979
8015656682
8015775755
8015842436
8015872924
8015984687
8016028318
8016300954
8016358905
8016368173
8016435527
8016518113
8016535396
8016551431
8016727533
8016845755
8016910466
8017017731
8017121319
8017147077
8017331093
8017333342
8017390192
8017516999
8017569831
8017664547
8017864055
8017876839
8017993998
8018033584
8018037066
8018055872
8018092801
8018093671
8018122707
8018138414
8018138787
8018592590
8018662515
8018685166
8018754726
8018777530
8018833787
8018864024
8018912417
8018951759
8018999486
8019002444
8019008195
8019041440
8019058355
8019112233
8019174994
8019196585
8019197015
8019199387
8019237164
8019259945
8019298845
8019339625
8019363009
8019369915
8019397127
8019513311
8019714262
8019716866
8019719010
8019723346
8019725367
8019741798
8019742993
8019744123
8019750768
8019755352
8019780879
8019781674
8019800626
8019801045
8019801067
8019805500
8019829468
8019832783
8019835670
8019839755
8019855693
8019856868
8019857113
8019908041
8019915069
8019916283
8019919206
8019919246
8019940652
8019949873
8019971658
8019983433
8019994671
8019997367
8019999822
8020000787
8020000808
8020002080
8020007229
8020008463
8020026160
8020049057
8020055505
8020060173
8020082257
8020109150
8020169577
8020275334
8020475117
8020489970
8020542278
8020544597
8020552273
8020566402
8020572468
8020589878
8020634872
8020673293
8020734470
8020735097
8020741891
8020789168
8020789427
8020813367
8020823664
8020836097
8020837373
8200030843
8200335280
8200363310
8200625180
8201044209
8201191702
8201192861
8201229696
8201311455
8201616030
8201771624
8202030771
8202322668
8202347468
8202627171
8203737012
8203788461
8203923666
8204522538
8204761604
8204866502
8204964611
8205072971
8205229388
8205372077
8205900958
8207305777
8207457993
8207629819
8207651151
8207711134
8207765788
8207984512
8208046334
8208047875
8208262607
8208267764
8208609624
8208659567
8208809336
8209046900
8209248674
8209283603
8209595269
8209607659
8210089223
8210317949
8210453025
8210574925
8210585633
8210655369
8210856010
8211354565
8211406665
8211506197
8211670935
8211726650
8211989648
8212058841
8212180165
8212382692
8212728570
8213239110
8213528149
8213710909
8213864059
8214105021
8214331048
8214719659
8214935225
8215017259
8215203976
8215299158
8215320407
8215431371
8215498550
8215875243
8216094686
8216165643
8216400912
8216519456
8216537002
8217364219
8217379757
8217959705
8218149835
8218291826
8218502727
8218638557
8219509835
8219563531
8219621236
8219853963
8219854410
8219861819
8219920089
8220107839
8220366543
8220872837
8221404256
8221549519
8221579232
8221580364
8221594376
8221630120
8221754438
8222014177
8222082829
8222299868
8222783207
8223066191
8223345229
8223409657
8224010542
8224028205
8224268235
8224539987
8224716046
8224882539
8224886115
8224930688
8224965676
8224976273
8224984634
8225171530
8225201629
8225368645
8225535466
8225657177
8226004485
8226061443
8226143101
8226168423
8226264840
8226307306
8226369264
8226685170
8226736624
8226785719
8226808440
8226918710
8227224894
8227382683
8227449440
8227734072
8228194855
8228220122
8228327514
8228672764
8228842842
8229016620
8229539313
8229553412
8229681704
8229909439
8230090471
8230114677
8230137328
8230270414
8230282013
8230335590
8230358144
8230373418
8230392522
8230914928
8230930793
8231279067
8231549918
8231730184
8231803811
8232075383
8232436165
8232618253
8233234334
8233256010
8233804294
8233880582
8234128442
8234232153
8234347897
8234686744
8234702735
8234790808
8235095774
8235159464
8235183205
8235343428
8235445520
8235490677
8235646890
8235722076
8235759643
8235790339
8235895804
8235973743
8236156073
8236226508
8236236634
8236328359
8236733951
8236741467
8237136092
8237557936
8238000158
8238129151
8238187356
8238356474
8238406092
8238517487
8238526032
8238599844
8238689041
8238764494
8239425613
8239548555
8239571335
8239669851
8239702936
8239823367
8239824279
8239963177
8239977420
8240066175
8240256764
8240340008
8240409674
8240583222
8240583666
8240885839
8241255487
8241322062
8241478009
8241505777
8241532558
8241576947
8241784496
8241944960
8242362619
8242709480
8242709748
8242888830
8242974981
8243133598
8243451925
8243656069
8243823263
8244016343
8244262344
8244430759
8244717916
8244828976
8244993032
8245183248
8245313844
8245374949
8245434044
8245598086
8246002433
8246161164
8246519921
8246647440
8246862146
8247320168
8247414060
8247541388
8247561444
8247732134
8247870718
8247881425
8247942818
8248138314
8248256270
8248858423
8249221999
8249777103
8249906301
8250206342
8250245443
8250459985
8250815402
8251270577
8251447845
8251458840
8252158338
8252170259
8252356937
8252476064
8252651765
8252787580
8252919338
8253184364
8253310092
8253351612
8253389778
8253573811
8253578251
8253623579
8253624877
8253633213
8253740976
8253748652
8253806042
8253853969
8254078278
8254226684
8254383962
8254451792
8254460534
8254686305
8254958811
8254964819
8255017587
8256029975
8256059695
8256119506
8256478182
8256586891
8257110144
8257117585
8257194925
8257254998
8257439693
8257524781
8257651021
8257689500
8257757219
8257840627
8258232000
8258307924
8258437379
8258546874
8258707810
8258837373
8259087392
8259171688
8259287715
8259488164
8259585513
8259626326
8259822274
8259956518
8260048954
8260172226
8260195111
8260314944
8260359095
8260984509
8261054434
8261236568
8261301113
8261492358
8261567941
8261815114
8262312410
8262480224
8262507120
8262518619
8262524516
8262922839
8262923395
8262925050
8262955010
8263070078
8263427654
8263564859
8263905759
8264163294
8264263642
8264564801
8265013210
8265139762
8265225938
8265239594
8265310760
8265356667
8265443333
8265625697
8265958399
8266035097
8266144178
8266222592
8266858674
8266952198
8267153184
8267360614
8267418299
8267833857
8267993588
8268061697
8268227898
8268242823
8268514327
8268704166
8269238528
8269452057
8269631275
8269727893
8270266611
8270719833
8271038671
8271057525
8271584103
8272046554
8272226817
8272231606
8272592276
8272782086
8272909824
8272916429
8273252304
8273504528
8273726012
8274379065
8274663951
8274844495
8274870993
8275213564
8275354218
8275849638
8276502331
8276505267
8276766321
8277007028
8277089116
8277473524
8277505710
8277786156
8277815163
8277902258
8278305383
8278397074
8278648599
8279127642
8279160094
8279257976
8279279120
8279283748
8279498722
8279710494
8279761987
8279783635
8279842719
8279912443
8280147974
8280200788
8280459667
8280832178
8280841048
8281390838
8281496455
8281506360
8281599179
8281672535
8281777876
8281831083
8281944055
8282868096
8283470605
8283624681
8283712040
8283758928
8283901172
8284289043
8284417181
8284423922
8284464582
8284528909
8284535347
8284594160
8284608689
8284626101
8284679664
8285934226
8286199323
8286358791
8286778865
8287036002
8287090641
8287148724
8287306382
8287455681
8287583686
8287688104
8287741333
8287763302
8287814971
8287896490
8287925148
8287976134
8288163850
8288188789
8288235188
8288265529
8288350404
8288360311
8288520689
8288522151
8288955672
8289082732
8289393406
8289471342
8289779539
8290096497
8290147012
8290655640
8290731882
8290799829
8290859283
8290982027
8291042751
8291156306
8291307768
8291881984
8291909996
8291920246
8292024546
8292151426
8292197354
8292242016
8292335899
8292339160
8292482661
8292618183
8292653701
8292966648
8293149455
8293250128
8293427299
8293815889
8294022064
8294082853
8294292683
8294684956
8294690843
8294698869
8294738152
8295121340
8295138070
8295263693
8295308095
8295702413
8296361242
8296452655
8296631705
8296655042
8296661606
8296792784
8296850634
8296897589
8296911595
8296916695
8297103421
8297432225
8297591182
8297654375
8298065358
8298413716
8298419370
8298471642
8298506392
8298533483
8298988628
8299012174
8299013185
8299200665
8299453221
8299483361
8299513657
8299518257
8299596914
8299623764
8299702460
8299714847
8299739755
8299792874
8299919750
8300328801
8300487694
8301516021
8301631070
8301699518
8301782214
8301919558
8302019209
8302277785
8302341489
8302951255
8302983344
8303201576
8303339441
8303594163
8303670787
8303920565
8304234717
8304372432
8304561022
8304663646
8304803713
8304863987
8304869676
8305080880
8305164012
8305178956
8305284992
8305509428
8306116568
8306186169
8306602567
8306655777
8306886856
8306999498
8307055667
8307474740
8307516930
8307762289
8307910937
8308211321
8308585921
8308740594
8308837736
8308877099
8308961019
8308982864
8309001963
8309036463
8309207551
8309351808
8309359747
8309516037
8309533859
8309640438
8309968229
8310345861
8310542202
8310606943
8310869214
8310936250
8311107256
8311174578
8311207011
8311727090
8311805099
8311925676
8311937176
8311953943
8312056966
8312169928
8312307010
8312445908
8312573017
8312765879
8313178209
8313321998
8313472764
8313490490
8313493346
8313611747
8314299773
8314449189
8314857447
8315790957
8316340953
8316358624
8316565664
8316567541
8316640561
8316861434
8316884903
8316896459
8317007011
8317143203
8317171914
8317217089
8317277555
8317343770
8317610578
8317763469
8317872592
8317916180
8318189278
8318241108
8318310532
8318440882
8318598389
8318740781
8319301801
8319480844
8319545125
8319612237
8319668415
8320311015
8320499328
8320570245
8320585640
8320999465
8321119193
8321122797
8321677782
8321700071
8321759352
8321763294
8321816963
8321819638
8322228160
8322575730
8322581309
8322646256
8322677807
8322811530
8322911997
8322913181
8322983396
8323119483
8323189191
8323310698
8323422632
8323515304
8323542139
8323726568
8323969337
8324196691
8324250309
8324657660
8324806219
8325145394
8325270610
8325296655
8325448590
8325685244
8325781416
8326016058
8326354713
8326815319
8327587211
8327979937
8328301764
8328377158
8328430761
8328476537
8328765998
8328792747
8328818497
8328996088
8329718448
8329879928
8329964832
8330435744
8330596247
8330766407
8330939754
8331031750
8331319480
8331374300
8331560939
8331648984
8331753981
8331930311
8332011550
8332145658
8332244123
8332553770
8332909520
8333043822
8333129701
8333218386
8333501034
8334192628
8334342762
8334590620
8334708480
8334952551
8334977189
8335260761
8335311340
8335455974
8335561242
8335778550
8335779727
8335780411
8335966156
8335975092
8336136024
8336460808
8336665133
8336690117
8336746235
8336746404
8336882892
8337139612
8337144124
8337396651
8337453582
8338304951
8338417427
8338572566
8338611392
8339074541
8339229457
8339397995
8339767168
8339791386
8339826840
8339995823
8340051214
8340063796
8341132591
8341225395
8341263452
8342161504
8342192593
8342375250
8342683559
8342724109
8342771326
8343020923
8343114623
8343345082
8343350140
8343802395
8344271104
8344311704
8344541596
8345045995
8345062044
8345805746
8346122491
8346191030
8346574135
8346961469
8346998156
8347902629
8347945783
8348087953
8348203022
8348461773
8348873261
8348912608
8348974895
8349012491
8349208852
8349430131
8349449985
8349606561
8350393929
8350505771
8350805894
8350938190
8351297948
8351381434
8352409780
8352430246
8352489510
8352517220
8352537019
8352756915
8353008657
8353148163
8353753346
8353811238
8353822190
8353930568
8353994203
8354166175
8354483522
8354608393
8354776896
8354857840
8354970282
8354972801
8355097962
8355115690
8355288221
8355627464
8355885102
8355894996
8355898981
8356053419
8356124866
8356246929
8356349391
8356477004
8356484749
8356552115
8356874307
8356996563
8357099963
8357148231
8357158438
8357480961
8357550086
8357672935
8357792743
8357955422
8358030079
8358297461
8358357877
8358369868
8358595244
8358835929
8359088605
8359103602
8360128129
8360760943
8360808756
8360971498
8361295792
8361553728
8361579123
8361629736
8361662653
8361943609
8361969368
8362108321
8362168875
8362544185
8362758631
8362828918
8362840149
8362857383
8362914957
8363015192
8363139132
8363196658
8363374604
8363492850
8363517079
8363691308
8363713746
8363909057
8364159071
8364457283
8364494492
8364537526
8364565608
8364650861
8364755264
8364844139
8364929601
8365002108
8365775670
8365931913
8366121983
8366258376
8366347039
8366420449
8366744716
8367132085
8367950068
8368095941
8368183268
8368442120
8368599328
8368653014
8368722602
8369067292
8369067838
8369427083
8369520191
8369534283
8369775488
8369829155
8369905457
8370240770
8370621123
8371170033
8371309369
8371509133
8371548241
8371654896
8371743938
8371903064
8372001476
8372003734
8372039005
8372060477
8372241611
8372903345
8373111365
8373144280
8373211155
8373228799
8373509346
8373646517
8373698788
8373713734
8373817436
8374016410
8374134005
8374161845
8374187959
8374217911
8374445855
8374486657
8375038053
8375234377
8375322893
8375473261
8375727797
8375808939
8376026912
8376160646
8376197467
8376225353
8376322054
8376435826
8376504941
8376765141
8377151632
8377372253
8377508702
8377780911
8378103420
8378274147
8378477122
8378494030
8379163939
8379602841
8379634607
8379725668
8379886583
8380001989
8380119240
8380120185
8380257884
8380385220
8380411013
8380421108
8380440788
8380586574
8380781453
8380801491
8380815883
8381162387
8381290993
8381730048
8381755470
8381844255
8382124811
8382180655
8382228326
8382893658
8382976235
8382976749
8383098528
8383138977
8383221599
8383229077
8383283466
8383314658
8383482514
8383873775
8383942027
8383983201
8383996043
8384494544
8384584851
8384824716
8385142327
8385355279
8385457095
8385559019
8385643764
8386074278
8386113163
8386237535
8386400447
8386403151
8386713678
8386862745
8387185969
8387726924
8387953396
8388135272
8388308947
8388408959
8388480276
8388490664
8388585426
8388813265
8389102359
8389205423
8389280705
8389337393
8389374697
8389405514
8389504662
8389697349
8390160733
8390162097
8390401385
8390544171
8390725783
8390754867
8390786760
8390915376
8391541037
8391559715
8391869633
8391936047
8392034053
8392293246
8392436687
8392490583
8392550846
8392552770
8392864273
8393198860
8393271333
8393555389
8393809634
8393923607
8394256717
8394359284
8394675638
8395093739
8395113947
8395196679
8395339600
8395487646
8395769160
8395956101
8396030609
8396086911
8396363918
8396494675
8396644701
8396755983
8397009572
8397112381
8397241623
8397591922
8397650191
8397719336
8397832913
8398254020
8398375932
8398610036
8398760669
8399111445
8399187958
8399432004
8399615221
8399693731
8399781988
8400399166
8400523307
8400656788
8400829528
8400942264
8401574016
8402023058
8402271233
8402448332
8402725228
8402923742
8403022784
8403208680
8403225822
8403485939
8403878904
8404221483
8404299678
8404330665
8404423110
8405001552
8405116187
8405466184
8405478162
8405742939
8405788756
8405828262
8406184706
8406230084
8406270134
8406280569
8406567364
8407008706
8407019336
8407173306
8407365602
8407650096
8407984628
8408083178
8408633516
8408706922
8408863169
8408992882
8409023393
8409027220
8409217140
8409388837
8409429975
8409591851
8409717063
8409768708
8409808365
8409944888
8410274134
8410332464
8410381831
8410419699
8410498318
8410558283
8410628955
8410958565
8411458323
8411460141
8411476659
8411930474
8412286708
8412292044
8412358560
8412402042
8412480784
8412705736
8413140192
8413284655
8413435500
8413546511
8413740600
8413777216
8414037026
8414945342
8415021020
8415045058
8415253260
8415429136
8415458776
8415528666
8415671925
8415729583
8416118668
8416171780
8416207839
8416505116
8416743801
8416886050
8417501290
8417511777
8417547235
8417789618
8417953969
8417969168
8418079465
8418238899
8418497332
8418525410
8418660468
8418717388
8418731705
8418746942
8418944129
8419202077
8419356859
8419382362
8419442840
8419468174
8419518686
8419583568
8419618372
8419713954
8420095387
8420356227
8420498076
8420583697
8420610654
8420731413
8420760222
8420765355
8420806860
8420963218
8420972485
8420996987
8421126054
8421216046
8421459954
8421584907
8422205731
8422291624
8422529465
8422895182
8423123783
8423175764
8423687471
8423942962
8424199631
8424323108
8424535086
8424613456
8424749051
8425218473
8425281689
8425525097
8425932586
8426046874
8426146115
8426208846
8426340766
8426507916
8426521075
8426587198
8426905123
8427114392
8427451322
8427475020
8427786182
8427788482
8427969904
8427997066
8428167260
8428329725
8428353630
8428569783
8428594411
8429230078
8429243990
8429258535
8429299529
8429594130
8429602751
8429620590
8429739046
8429769754
8430083071
8430302205
8430312573
8430404021
8430860902
8430875395
8431063274
8431427992
8431572659
8431671981
8431973522
8432222648
8432275612
8432645380
8432922649
8433155171
8433389729
8433634154
8433673949
8433830172
8433989820
8433992817
8434150112
8434628574
8435029683
8435272708
8435668443
8435756716
8435803576
8435889096
8436439955
8436472855
8436620373
8437093351
8437528824
8437542107
8437897292
8438020713
8438458069
8438697251
8439000505
8439113508
8439146388
8439152375
8439305197
8439609221
8439870153
8439873983
8440215736
8440359819
8440664699
8440917755
8440980867
8441283933
8441385876
8441429430
8441677181
8441771814
8441844652
8441997415
8442238901
8442353113
8442412963
8442692557
8442828029
8442934819
8443684546
8443757010
8443972238
8444122151
8444605853
8444750965
8444998933
8445092543
8445109199
8445568091
8445825817
8446082573
8447221850
8447508013
8447634469
8447812426
8447941281
8448041159
8448117444
8448437749
8448502198
8448557022
8448703671
8448733913
8448910706
8449516722
8449705258
8449792158
8450126640
8450228690
8450542729
8450681945
8450772980
8450786893
8450825423
8450907454
8451795258
8452731892
8453066625
8453191112
8453453914
8453468442
8453532315
8453540443
8453565936
8453596645
8454084515
8454146608
8454455584
8454556846
8454588146
8454684352
8455003163
8455606130
8455727488
8455846789
8456038881
8456362731
8456691449
8457193531
8457512245
8457522953
8457624469
8457767875
8458268993
8459070731
8459110438
8459129237
8459217181
8459311461
8459545121
8459675871
8459880110
8460217358
8460302705
8460590341
8461134362
8461632154
8461693468
8462003668
8462059316
8462574458
8462673948
8462736099
8462736390
8462826965
8462841874
8462852490
8463373039
8463720885
8463755907
8463863117
8463959791
8464261405
8464284863
8464390201
8464478279
8464533269
8464744103
8464846831
8465333748
8465547703
8465671208
8465763150
8465857752
8466160219
8466595487
8466612878
8466841380
8467227127
8467446424
8467588041
8468059730
8468140590
8468452568
8468521671
8468604992
8468762013
8468793711
8468842135
8469095111
8469204998
8469224234
8469234568
8469298963
8469350053
8469643664
8469664615
8469714317
8469741948
8469822197
8469864206
8469987079
8471252189
8471629129
8472268605
8472461782
8472601073
8472625934
8472670324
8472708367
8473266634
8473495872
8474166041
8474345719
8474345845
8474408725
8474444755
8474528011
8474635300
8474666447
8475003659
8475086642
8475205237
8475234718
8475596993
8475641513
8475819481
8475835910
8476744080
8476771656
8476783334
8477039552
8477336888
8477357364
8477359654
8477643833
8477659726
8477693383
8477920828
8478084321
8478335182
8478645961
8478745147
8478770583
8478911923
8479427210
8479549618
8479770360
8479906452
8479957057
8479989871
8480153861
8480326277
8480348443
8480372572
8480459425
8480592628
8480994733
8481086067
8481268386
8481306560
8481583918
8481763035
8481905755
8482123028
8482338274
8482349063
8482457108
8482490212
8482657728
8482673007
8482857701
8482915286
8482945394
8482946852
8483018750
8483195442
8483204568
8483415937
8483593281
8483744905
8483747540
8483788898
8483919867
8484302402
8484616691
8484835896
8484986559
8484999638
8485300759
8485379393
8485430742
8485557408
8485859795
8485948508
8486311448
8486408382
8486442438
8486750128
8486949502
8487028839
8487106835
8487228238
8487310645
8487373132
8487780621
8487917027
8487961234
8488045404
8488088968
8488104115
8488281023
8488325142
8488670252
8488709029
8488863862
8489217554
8489281819
8489440041
8489519988
8489831436
8490079533
8490117880
8490222625
8490277005
8490396417
8490440781
8490445994
8490469316
8490500893
8490543629
8490770379
8491289720
8491338493
8491493328
8491752261
8491803840
8491885284
8492089148
8492409970
8493097906
8493188128
8493196650
8493817414
8493827965
8493952506
8493986162
8494016613
8494036444
8494284080
8494492593
8494740580
8494755362
8494760420
8494855251
8495318381
8495538966
8495999204
8496229565
8496310382
8496398186
8496882616
8496917013
8497813528
8497963053
8498166390
8498326084
8498734388
8498754042
8498784433
8499463845
8499779264
8499890160
8499927910
8499970999
9000056301
9000124160
9000194382
9000690974
9000877414
9000904289
9001181211
9001250109
9001490488
9001926554
9002170203
9002243448
9002682781
9002731437
9002930137
9003128931
9003534207
9003633885
9004049065
9004256833
9004347208
9004683765
9004796649
9004843818
9005212754
9005955817
9006066697
9006284991
9006336551
9006510618
9006517642
9006571667
9007058921
9007075086
9007203220
9007539654
9007795039
9007991766
9008218422
9008260464
9008546595
9008553116
9008564010
9008984986
9009312065
9009491481
9009599011
9009626371
9009653499
9009726819
9009940673
9010160789
9010310340
9010331285
9010376593
9010463790
9010774782
9010843399
9010892060
9010947507
9011218318
9011655270
9011732027
9012061105
9012215634
9012486756
9013016228
9013507768
9013667854
9013740344
9014109197
9014381378
9014640375
9014753274
9014784788
9014868697
9015028986
9015542757
9015562676
9015684727
9015838101
9016357877
9016456641
9016521254
9016542696
9017470309
9017495371
9017544629
9017700545
9017993654
9018006836
9018261215
9018676709
9018961272
9019033242
9019161049
9019178164
9019303391
9019443301
9019452557
9019576842
9019711804
9019729164
9019772173
9020023915
9020026983
9020200316
9020223402
9020328797
9020661917
9020942241
9021031547
9021265612
9021413537
9021437181
9021473254
9021615961
9021911883
9022463635
9023295271
9023308527
9023476651
9023581133
9023606924
9023779028
9023876209
9024064331
9024141048
9024182315
9024276866
9024446614
9024516824
9024540191
9024569810
9024589801
9024821928
9025250289
9025309103
9025363520
9025364296
9025544486
9025551151
9025778171
9025863411
9026220476
9026322912
9026335422
9026349506
9026995179
9027057404
9027115569
9027229683
9027295038
9027569114
9027618576
9027626249
9027860982
9027914717
9028116755
9028251582
9028457136
9028534907
9029004704
9029132820
9029484575
9029524313
9029703255
9030053337
9030257025
9030378291
9030599931
9030773065
9031313643
9031339456
9031605898
9032711316
9032719232
9032928361
9032947783
9033003920
9033197511
9033432380
9033433129
9033470539
9033815636
9033873328
9033915793
9034590389
9034592664
9034604766
9034662476
9034739648
9034860796
9034984609
9035057830
9035118397
9035153948
9035243136
9035273476
9035605194
9035780570
9036060466
9036355597
9036766569
9036795959
9037416895
9037700094
9038136233
9038235893
9038271304
9038448190
9038600514
9038666981
9038963857
9039322125
9039604989
9039663267
9039737652
9039857754
9040337100
9040539598
9040783771
9040918667
9041209198
9041421072
9041463983
9041629393
9041712370
9041885516
9041888065
9042323299
9042374442
9042852059
9042863708
9043069867
9043373596
9043533832
9043616368
9043723925
9043740277
9044116920
9044135479
9044584448
9044600760
9044870797
9044899959
9045181073
9045193984
9045346368
9045609196
9045613144
9045781554
9046181683
9046438955
9046463959
9046931127
9047048219
9047499602
9048069167
9048114114
9048159804
9048292166
9048356516
9048489665
9048730457
9049711439
9050162934
9050292487
9050335786
9051401826
9051518138
9051855929
9051999127
9052088540
9052382773
9052625397
9052784451
9052880958
9052975170
9053245937
9053461707
9053484538
9053487904
9053555556
9053730525
9053745538
9053942890
9053973700
9054017556
9054039464
9054151478
9054183222
9054539163
9054544472
9054730020
9055225961
9055439721
9055442799
9055472370
9055727070
9055825660
9055835458
9055857682
9056014550
9056493605
9056578086
9056884409
9056950384
9057117706
9057119019
9057388976
9057399871
9057444885
9057651285
9057827887
9058170471
9058707936
9058856814
9059154721
9059305627
9059482223
9060099679
9060130374
9060433788
9060733359
9061197681
9061294835
9061832084
9061884542
9061923880
9062061338
9062675845
9063191282
9063304779
9063803440
9064043567
9064062950
9064204335
9064253906
9065638437
9065717881
9066028478
9066326114
9066328810
9066458204
9066835640
9066857970
9066988045
9067041292
9067347150
9067889654
9068651883
9068859338
9068963005
9069108683
9069116665
9069139221
9069762394
9069885155
9070112715
9070334300
9070356591
9070490439
9070598228
9070727676
9070783557
9070944272
9071226637
9071332370
9071485646
9072101761
9072166128
9072234510
9072707946
9072822805
9072823921
9073002018
9073078099
9073327611
9073344631
9073497129
9074060111
9074340983
9074719389
9074904680
9074961778
9074986264
9075133095
9075206210
9075219823
9075315621
9075516838
9075579392
9075768735
9076059597
9076259639
9076269481
9076603129
9076721808
9076958720
9077067203
9077113170
9077150877
9077245275
9077268324
9077312521
9077366727
9077643584
9077666704
9077979586
9078023879
9078508308
9078672799
9078801110
9078941967
9078943463
9079165187
9079193254
9079217233
9079646486
9079799552
9079948229
9080158213
9080402862
9080457114
9080595783
9080905282
9081312007
9081449977
9081516226
9081542001
9081717347
9081867383
9082065657
9082309926
9082448446
9082676536
9082698694
9082699911
9082846959
9082981081
9083022247
9083174909
9083752475
9084006427
9084088933
9084572464
9084793797
9084868146
9085321585
9085552227
9085820672
9085827169
9086113167
9086145614
9086212771
9086385378
9086387100
9086388424
9086742775
9086902251
9087098408
9087132442
9087231462
9087505823
9087576711
9087950486
9088176008
9088308657
9088439090
9088522096
9089217059
9089291961
9089333619
9089404698
9089488280
9089539664
9089646726
9089648623
9089659695
9089913916
9090174217
9090375334
9090587156
9090632183
9090759242
9090825170
9090888040
9090946279
9091081896
9092365800
9092406648
9092574544
9092614686
9092727386
9092736999
9092805712
9092814680
9092828627
9093035023
9093229311
9093864787
9093875478
9093922233
9095342877
9095867267
9095961721
9096238128
9096381340
9096608781
9096626496
9096714775
9096780776
9096849770
9096976339
9097041350
9097182744
9097314680
9097445035
9097799358
9097924683
9097926519
9098073705
9098415830
9098424931
9098474211
9098760060
9098845751
9098852916
9099105557
9099925898
9099978074
9099999479
9100007441
9100102957
9100108061
9100325009
9100390819
9100825540
9100835181
9100950971
9101268995
9101290981
9101623961
9101657782
9101818685
9102002379
9102006241
9102052701
9102634771
9102721282
9103138387
9103347761
9103438183
9103537490
9103694364
9103817520
9103889562
9104064373
9104091934
9104411098
9104626105
9104763049
9104884906
9105107473
9105233271
9105411327
9105487712
9105580753
9105764075
9105898619
9106063189
9106083915
9107058662
9107075808
9107404241
9107428177
9107463825
9107674040
9107687184
9107863201
9108138227
9108229387
9108556127
9109101758
9109472467
9109738000
9110330063
9110392508
9110499040
9110566519
9111046716
9111144313
9111413931
9111444177
9111570639
9111628019
9111632930
9111681281
9111735877
9112015942
9112068413
9112180760
9112221242
9112365547
9112498109
9112630076
9112956035
9113204524
9113277683
9113535741
9113674372
9113716929
9113996288
9114246465
9114388939
9114430132
9114615552
9114676067
9114677055
9114806397
9115148101
9115167474
9115232882
9115379887
9115544348
9115632448
9115734098
9115862734
9115906943
9115992911
9116017430
9116046260
9116185565
9116198325
9116319676
9116506808
9116601716
9116729292
9116750873
9116813781
9117202423
9117486725
9117518944
9118121322
9118137824
9118381399
9118433292
9118563155
9118599314
9118671309
9118718066
9118850876
9118960485
9119368258
9119468848
9119508977
9119629941
9119661407
9119769376
9119777498
9119880514
9119957254
9120038140
9120065422
9120069227
9120212294
9120225026
9120307851
9120343736
9120612792
9120654059
9121118549
9121127698
9121766565
9121830342
9122006836
9122254922
9122294116
9122514963
9122765238
9122806977
9122973683
9123201301
9123527233
9123559861
9123672529
9123836107
9123852120
9123937908
9124222768
9124310389
9124501557
9124572308
9124579287
9124637514
9124703141
9124875369
9124896182
9124933264
9125332644
9125458599
9125604892
9125655332
9125689054
9126063013
9126204873
9126695741
9127251302
9127346976
9127795769
9127914032
9128216400
9128274720
9129227051
9130304843
9130396726
9130501983
9130629568
9130643854
9130722827
9130924592
9130967101
9131448886
9131487224
9131543572
9131918542
9131938961
9132193138
9132235000
9132345341
9132596301
9132630469
9132661204
9132663923
9132788614
9133365793
9133442233
9133448877
9133457643
9133487426
9133493565
9133791412
9133834071
9133865976
9134016553
9134262824
9134482896
9134631792
9134742701
9134952209
9134963214
9135001394
9135316994
9135379090
9135534827
9135711420
9135783705
9136209973
9136586247
9136756652
9137252578
9137322525
9137386532
9137566917
9137586468
9137640651
9137867352
9137929740
9138094864
9138133044
9138690086
9139055398
9139409796
9139427863
9139723821
9139775953
9139802766
9140048239
9141344894
9141538433
9141716581
9141746385
9141748083
9141856326
9142122676
9142181766
9142255223
9142269227
9142275156
9142284526
9142331276
9142383395
9142629176
9142937267
9143180375
9143288709
9143486996
9143735539
9143987825
9144179515
9144663078
9144667710
9144748302
9144782337
9144815255
9144821969
9146019996
9146464791
9146738203
9146807464
9146903918
9146935578
9147193060
9147560906
9147709950
9147777728
9148471863
9148622679
9148684238
9149502022
9149676561
9149969908
9150100026
9150224775
9150557665
9150797528
9151327402
9151460382
9151488771
9151515590
9151688847
9151702372
9151829598
9152034525
9152126141
9152148366
9152337008
9152542692
9152747906
9152789211
9152974758
9153233661
9153255551
9153266301
9153590296
9153650875
9153817154
9153948951
9154166095
9154185225
9154241433
9154359514
9154545463
9154660443
9154673685
9154936679
9155189202
9155199359
9155221003
9155287189
9155486814
9156144512
9156216186
9156509009
9156800388
9156864767
9157140158
9157255359
9157465223
9157571721
9157596825
9157758798
9157791334
9158062491
9158326679
9158497660
9158616159
9158695829
9158775765
9158878438
9158894752
9158986771
9159026128
9159158501
9159215527
9159719421
9159741645
9159848835
9159872001
9160036923
9160048968
9160096290
9160114167
9160173820
9160498840
9160996826
9161115667
9161152689
9161305040
9161365372
9161391389
9161475170
9161571800
9161660509
9161726912
9162492164
9162671240
9163007955
9163108368
9163415670
9163546270
9163763861
9163897629
9164018721
9164328067
9164389497
9164400511
9164666848
9165080279
9165184699
9165355007
9165689779
9165751615
9165805466
9166004663
9166108542
9166575519
9166637613
9166997882
9167012823
9167243192
9167309263
9167359535
9167426045
9167875051
9168470569
9168507257
9168685885
9169142712
9169255017
9169448450
9169569775
9169835538
9169970513
9170342855
9170489962
9170828617
9170988571
9171561308
9171700156
9171701665
9171751452
9171759329
9171859290
9171946523
9172020868
9172061975
9172181997
9172456255
9172600278
9172653228
9172671291
9172722243
9172817312
9172910562
9173155906
9173438980
9173574975
9173746961
9173905747
9174665746
9174705709
9174820978
9174863884
9174950246
9175047635
9175206925
9175415308
9176224386
9176523628
9176749044
9176750537
9176929781
9176978316
9177017256
9177310032
9177833544
9178262569
9178523313
9178589845
9178648665
9179136670
9179223755
9179782346
9179999608
9180201383
9180216575
9180251590
9180586878
9180606131
9180813185
9180824936
9180914049
9180949725
9181053857
9181499346
9181772275
9181835795
9181930363
9182327779
9182427568
9182462503
9182507629
9182570074
9182581803
9182699895
9182756235
9183102028
9183297325
9183857041
9183932705
9184292597
9184321973
9184499461
9184849694
9184850011
9184946760
9185253182
9185678846
9185734545
9185901604
9185926042
9185931796
9186239728
9186250574
9186271268
9186442769
9186565951
9186668956
9186742911
9186849441
9187012765
9187302029
9187360156
9187399014
9187534650
9187893377
9188335067
9188518362
9188534511
9188984134
9189073191
9189135071
9189403949
9189592395
9189675353
9189733163
9189887383
9189956144
9190033966
9190113588
9190225337
9190320414
9190408205
9190698405
9190750349
9190995002
9191075647
9191241485
9191306447
9191323923
9191485531
9191530751
9191589323
9191997547
9192071742
9192315085
9192975001
9193143079
9193398896
9193879078
9193936907
9194062008
9194115164
9194324365
9194605144
9194633830
9194681728
9194717059
9194760812
9194964163
9195100332
9195331342
9195371747
9195427089
9195473902
9195636270
9195649218
9195889233
9196175081
9196381180
9196499408
9196755054
9196817184
9196829924
9197137198
9197154939
9197356933
9197456625
9197550808
9197628758
9197826774
9197926780
9198002405
9198577202
9198623542
9198842532
9199160188
9199461140
9199484449
9199725112
9199860321
2493180882