2590508312
6938267512
1936009361
2418724427
2050142347
2594986464
2590508324
2417139911
3427645762
3299783744
2611704935
2611712073
2590506210
2590506142
1288915263
2590506090
2125939111
2590506062
2953903975
2189978113
2085621483
5018637328
3162485697
5582151150
2489610225
3163782211
3888882491
3009788765
2490830195
3074181393
5843745373
1246297092
2085794347
3720234243
2811946900
3150085231
3237896304
3009368284
3156358147
3731897471
2170749461
2427989561
6276346464
2305723685
2309234963
5943888653
1189617115
6211141835
7364735913
3547967310
2110048113
2539867622
2144373165
2119650641
2711828411
3928332403
2941157707
5579353678
6575200586
3907706821
1918830794
5430282517
2489596935
1704131137
2061857813
1648119052
6343959685
3268152967
6008483913
1677136462
6574244199
3236771742
1794749693
2726922721
3272980043
5802679732
1823507027
2831756647
6894754102
5429414017
2442273073
1834133591
5888410717
5077031651
2425724913
2426300195
2270636837
2516388727
5150112170
5872828878
1920077735
2427077847
5049800924
3973003157
2368949805
6579033207
5056430965
2420408797
2419711485
2329558261
2079751412
2760402625
2458218133
3546709177
1958889463
1880185123
2061871447
3677380225
2470420277
1363502007
6396634787
3210728701
3214817267
2386798841
2274963977
6137743548
5406544216
3539182784
2858729790
2820833637
3229450293
2762892110
2061847537
3270346463
2798034700
5389080493
6353849316
3253259703
5395116343
3393236454
3319940460
2006374003
3423681204
5908184802
3488212132
3977845423
3299012882
3679467655
1092757641
5066223063
2645654357
6052733332
5607433524
2275846603
2479778111
1376804704
2640874801
5247972312
7340786255
7168618354
2635810261
1957405325
2753006425
3876342106
5657421525
5194604779
1304810257
5611046370
3229782772
5703757400
2493592183
2683482033
2635818911
1742987497
2610594573
1964619957
2644975784
1919688583
5969745163
1988563285
2482325401
2014034660
2620648747
2294165474
2719969734
1787537264
3535242221
2557375422
1454461772
2097024354
2611597163
2113535642
2998045524
2977491702
1972917825
1235894981
2268237752
3733965085
2696049583
2233270392
1806686502
2986699172
1420704157
6849915621
2214800980
3861228581
2616693703
2258717480
2062025471
2273048547
2568435544
5209171085
1917050314
5211979483
5058527023
2119851590
2588129952
2010205983
3734799501
2292021850
3042118660
5186000071
2096911852
2588125494
5184393175
2037457381
2392207942
2145572684
2062557711
2874978364
1419172372
5964184998
2146627190
2524413584
5117843615
2240099322
3039827240
2467039877
5875138773
2860122052
1977407911
5836845536
3653368644
5044444356
5068742142
3021918593
3257466635
1617248114
2062571151
2205262977
2729096334
5634013749
2171536211
2606243004
7129856821
2649558901
1652889677
2020132911
1690015640
2636720431
1058664381
2730549204
2639029341
1778455640
1944194624
1896960904
2635759011
3655664894
1986679210
2001717811
3870787200
5380501825
2394939682
2757691921
6001579381
3860420669
1882716230
3229855652
2801324472
3809664076
2730752854
2418432711
5044198259
3509300853
3811261522
5013122364
3171944275
5135931163
1839681925
5475670809
1971878703
3605364617
3703679100
2630570525
1870458911
3823554401
2115327987
5228006573
5539558550
2359162503
2115973751
2740584771
3190998314
5186098344
3354394424
5460122958
5455970373
3493231675
2001424242
2202083193
6914251407
1982753487
2416237865
2106558073
2434139193
2519979374
2451903763
2115262352
1993390131
3924812700
1898050623
2443744521
1968863541
3360703570
1991333801
2609182255
2608223021
3894391642
2127403275
2140270927
2140196951
5506825031
2527687040
2759348142
1269647104
3154326030
2384152914
2321615032
5112028857
5339538657
1999404300
2146327684
5174377668
2524263444
2418542712
2849019544
3187255154
1343370153
2054302531
1910577521
3271857672
2178873290
2648904693
1973743580
5645893201
3558019605
1767976920
5536830778
3318027272
2061840907
3329420380
5707391129
2176714344
2173096294
3913161916
2638835612
3272052960
3302689634
1871802012
2015316631
2775872784
2030371897
2294193132
3938812452
2605594314
2187110962
2233211910
2880086884
1933683847
2831150640
2116937460
1924039383
2528065405
2850718360
3176678803
2532579261
1906342515
2311331195
1780560607
5328345103
5885640466
5053440834
1985630771
2057392851
1971263622
5692872461
2189375415
2488355043
5794269940
1869124960
3697594187
5662456428
5968672394
5975364081
2288248145
5596297890
2570385934
3928761901
2959194963
2074376453
2573565875
1929676450
5681918507
2815147020
1416331690
2455447420
5427391807
2275545962
2570672444
5640342630
6072088456
2597432882
5623185245
2377581652
5360584156
3641480321
2029749813
1967299287
1906537253
2089486633
2918835814
2654629783
2647318371
2674566213
2404269462
2164637562
2568820534
2728596282
2104912934
2355658474
2089595201
1988438334
2650710021
2674720851
2152519810
2692536274
2074479765
2143462671
1909250714
2055576275
1780853205
3309826382
1906874803
1897723622
1905843503
2206820037
2998934450
2384889627
2014827750
2044263792
2647281473
2164623652
2635159794
3881660513
5201000633
3053154652
3225365642
2473528064
6979067213
3839210097
5619250349
1234499617
3955261359
5396375374
2709979734
5208903485
5632161507
3847528803
5763417250
6050894051
1881270367
5552756200
5558722309
3192193400
3224031832
3972274514
5521606430
1662558237
1801989063
1761616742
1734609155
3204816190
3840902209
1959521522
6345028642
2131691740
1553215662
2997829562
3806199621
7372791642
1920078035
1971895397
2062595895
1807046282
6058924556
3840913812
3846487316
2061860827
2363007357
2254916223
5676472073
5603692734
7362265643
2257962015
6502460797
2004936412
5096640827
2620622835
3045822553
6388030329
5048114142
5496013048
3042513584
2542024960
5500540470
5295116220
5505251211
2104378152
3265322191
5156648270
6892712944
2633651743
1937187173
6040548110
6317297386
2607534827
2626472787
3463359112
3380046672
2131589253
6850917265
6753627877
1920359817
1668285003
2706533745
6837911255
5967293139
2113717622
3881282682
5387030438
5341858893
5241680518
5995635638
2782520515
2088979675
2286736447
2049013040
3549122937
5042313820
5490999567
5884880324
6179997108
5500167027
3979704239
5505549057
2508021512
2571548752
1753048194
3328824184
3794338980
2153160230
2137821047
2383428514
2676217373
5313174407
2723708584
1885504473
2642215773
2651203263
3196339751
5407318577
1978054071
3379706192
1783100024
2062204527
1858509722
5174478085
2541592687
2479930984
2486023042
2629250581
3282669464
2534115874
2598170481
5637993437
2043882691
3215904720
3728526493
3937454286
6987125748
2629250671
2907700191
2349255395
5500585567
3390845630
2629250611
5500168113
