6339829308
7450305790
2136439357
2607534827
7951702799
8020751687
5211426119
6366562520
6071933892
2432733945
6687105316
5715422261
7945404026
8327085513
7290999551
1766408413
7856275855
5621034824
2748939653
7999710263
6600565148
7932200611
6514205704
7365390235
6465541137
7947505627
7247812418
7814685913
5417631174
7636369658
6311813342
7951108137
1494761561
8011616079
1962092795
7990948853
7608147173
7737467269
1794056797
8008022328
6394138867
2356396940
2250932177
7997285143
7998865393
7816452845
1400490581
7873920432
8302327345
7903885728
7759460665
7450300368
7603640095
7755322466
4014290650
8205788712
7801572142
4097323578
7337838548
6324241203
7503150481
7511776258
7610180808
7930067899
6406769471
7114406798
8446705174
2871636434
5101365965
8425182626
2650081711
7960937355
1649576862
6522169070
6667277425
6639355107
7197234230
6580406660
7284233567
6324181845
7788703005
8293383510
1080805430
7947644351
6561499346
8300951482
7649205375
5988715649
7540703452
7974953800
6404019955
2126866737
7920985280
7893500382
7654543964
7413184113
6196117193
6474639638
6480515599
7988150441
4061860853
7231835268
8251166456
7567472030
8018281930
7682172014
7890023629
1849808025
1689666540
7322491913
7770073003
7516838225
8381836092
7705226901
6434744517
5374570354
7561255147
7900213493
7792277530
5885647508
1802140180
3190188320
7270970379
7963672324
9157024587
7900204304
9188109280
7883581607
8012435376
8375229294
6040040398
6016710137
7929756148
7406425947
5930131436
7854243919
7858047552
7979877536
7690764604
4026902386
8433103871
7942400840
7835423876
2080298957
7589605133
5905658934
7962615488
7732830625
6581399401
8461705778
7954586367
8226862618
8348697911
4044273879
9078707280
6118757865
7890863957
7838695858
7403183856
1791521777
2890080157
6631538765
7836147708
7464635132
1991240943
1931134800
2312082925
9110227854
7939115134
7891986983
7589569018
8499897505
2728400663
7740068752
3419924592
9151389768
8009668712
7781455611
6140313408
7604879363
7542321442
7996905217
5749079389
7355418818
3828028378
1697739565
6244456198
5088234977
5823180089
6329518302
6148347269
7972130977
8010449938
7930188198
5446403027
1834177313
7840815346
7867905217
6039579633
6330260552
7627500303
7294981468
2533587381
8010168776
1567136714
7334962744
6457226718
8017948956
7970143233
3516620660
6032063438
7881006056
6023736186
6530705671
7931767827
7972910038
8014059232
7944396636
7973457668
6984743172
7857360806
5361073491
1580383977
7054835960
7312817823
7819652875
7047880197
6623139994
5836025299
7134962967
5175032530
7872089879
7745856997
7791874206
5202602338
7333952705
5533013154
7088849938
8003031580
7724411301
3032147552
9117870023
3146448862
8016224696
2557869054
7867868920
7302152533
1080989432
7761618976
7942300229
7960301595
7801297690
7741625128
6120244352
5564662386
7853725061
7937970865
7704015152
8411363363
2743141653
5586142331
5624396708
6930075568
5201140479
8411683332
7766996892
7934809203
5711628788
7925245294
5421086030
3093135927
7307846603
7938744213
9016465375
7859080917
5963538427
7771206567
7331104778
6379159714
2632352263
5756524547
8462011789
7343415177
3672199257
7740005374
5825609535
7927861381
8016926537
5249461038
7928164235
7523455792
8017527293
2473658311
6445365812
7489309140
7567427101
2461659617
7509407369
5105175211
7649320068
7901012752
7230141130
7938571043
5300952062
7403187480
6416371477
7313973146
7797848786
5228275761
1922407515
7895770298
7365765536
9105085172
1374065354
6025983516
2617281594
6587167459
5700703485
5508492556
7449326506
7891585328
5899785050
8000913000
7636241265
6967178580
7658914680
6464909001
6783752203
6379772684
8369602470
7555306698
7264304739
6588779842
2003319135
6417988649
6132537344
2603770894
7759637298
2851948151
7363821922
6435562677
2116541280
6514479570
7940293732
7907487243
6201663927
6763505081
7962393670
5760257196
6238667354
7757372585
7650726932
6318867036
7849835332
3288306340
6508740495
7435103925
2447582157
7311243367
6587004848
8452083321
6651069544
5341090459
7802116388
9079086162
6491684228
7985422198
7918781315
7442494214
2733447410
7596666275
9047410598
3130459255
8269225140
6064838447
7977538617
8014412104
7615438009
7987170060
8004601718
6378755808
7824908723
8327036816
7945565250
8317837725
7986577967
7603459715
7892849224
7852663760
6159648075
5484202449
5181727521
9143991538
7958167438
8005985778
7412985200
7733192013
7822540796
6453847642
5832245207
3647422375
7819060398
7684298307
2239082677
7335301259
7633679488
7326261152
7275781199
7442855400
7924823483
7546400791
5200382268
2740931852
8321715698
7750381436
7634061430
4058256979
6311148903
6140369639
7856326940
9029319397
7710099006
2827514141
9009450105
7799587849
6587815852
8305560675
7198018587
7899962960
7844733020
2081143663
6279247959
7514877684
7776162277
2641995884
7719230468
5392273610
1444020341
5209817142
7999589893
5034166930
7472912023
5640471239
7954579280
7446707179
6305363995
7763480309
4038057991
5480884275
5636954724
7986243349
1915336122
2574043673
5970257263
5826178348
2551723447
6428592109
8201849844
6110428510
5057448103
7737583042
3502366342
1986859493
5887366453
2862640672
7848734989
6523866447
7937436124
6424116486
8441293635
5569684001
1725344624
2856274552
2106044504
5090399661
8011202193
2376919537
7913133476
6527800407
5574926715
7781593236
5662440741
7768657307
7913517417
7982014961
6596753764
6258443542
8210694848
7814461348
2842108483
9015812513
9143152148
7721197082
7805255951
8012833034
7879813621
7722145618
7296536593
7867242440
8010098522
5104723846
2078727271
7454099099
6255567289
2912159930
7598091918
7373868032
1211141280
7765950812
9112051190
7264764143
2661911023
6268126143
7906674219
3168046891
7374204785
5260655251
7913278033
7607070536
7509078162
5783391151
2678996975
8013870008
7442044240
1933284105
6560961321
6537859565
8221221058
7708571610
5265115969
3644964670
3801749174
7442508066
7841839865
6938733566
2186407630
7959026587
7661037571
9129424145
6335144573
7786689047
5578757222
3550431944
7724074933
5176543237
5663101771
3775206993
6511725584
6159269875
5223465768
6828833959
6609350436
2673512893
8467950005
5237201096
7281254692
1360837625
7054953747
6441465141
5319727398
3240050142
6477609946
7480866651
7565581861
8377428931
7929977265
6233477044
4050510377
3242903253
5713131651
8295587487
5953824333
7701176905
3931194779
1978528511
2783053135
7733331997
5348314616
1916304327
7947356962
7789038289
6820609144
7408161337
7644970496
7908493730
7934139537
7944143253
7775674019
7228265642
7814358251
7650613410
6490257501
4026798030
7625295823
7644855892
5869841427
7949984536
1981653361
5662335408
7985763855
6383977830
7946986171
5542578474
7509939261
7757112315
5665252742
7225970961
6465800080
5401648698
7195991037
6322739695
5689346066
7856746527
6241812957
7371014192
6822706049
5864430673
7949708964
8466259254
2995611713
7562563773
6494237922
6518253336
7574148730
7946140173
8251483383
7958237284
9034230391
6583702137
6541622938
6043153232
1786055687
6969218754
5995692205
1689262215
8018248403
5708650539
6001880058
7388235715
7710428621
6179604504
3210251184
7637562608
8004490295
7824304539
7751032002
5656079805
7929736142
7782532405
7964224210
5197583481
5729551607
7441625792
3181409332
6466269773
1638005885
7309786308
7754970385
7396328379
5807541486
7989656865
8003409694
6526538088
7962610179
7691680170
7049618329
4084436718
6635548444
6131655179
7005003397
7750859380
3586780612
7965250939
7736567326
4086242163
7831592706
8384542578
7909998114
8284983497
4007753245
7881361616
2428451785
8220893255
5846103134
7463220187
7543406044
6807307697
7968653544
7894545102
6266514650
7944308409
7806624027
1073684684
7884909387
8315410754
5947181112
7040569733
7931593762
6213268428
7484569565
7569066905
7901651364
6106302601
3992358216
5092445432
5824672138
6611372817
7298857555
1250963072
7338714210
7743812441
2952497144
3985387532
7377852654
7926455099
6396630172
2273772721
7816040101
1768171490
9077714403
2139633142
7978712182
6608334772
7947994089
5596069339
2794372642
7832814657
7364480406
7844084611
7942983867
8005543585
3725773862
6856621763
5718443235
7495065986
7446470708
8008778190
7724157411
7312208919
5851966169
4061689396
5680647027
7283256770
7958762080
7620599669
7872337796
7691100339
7747451779
7991918338
7878909929
6228987029
7835898686
7796189353
5630393782
7856169658
7757050096
7906128654
7868119870
2955230935
7812809851
5894867226
3085995793
7298779311
1082930773
8013012022
5642555885
8020084408
7959731630
6569868735
7589608597
5513629712
7991947154
6611611168
3517658705
1907062557
3672367491
6316867207
6506827370
7474741499
7738063970
6860063521
9163044367
7033731703
7358555499
7899275264
6884390740
8007780531
2781227267
7104524403
7917280595
5589010427
7891586751
8289851888
5644673498
6111171366
7671111542
5958249687
5371884474
5171932616
7411752242
2198678532
1714641402
7912962566
6028223305
2817675270
7924503835
5128155150
7948051739
5745371508
7842607322
6540350386
7624598669
9013522248
1737108772
7874191823
2070219807
1787186935
4063260389
5712893575
7877717773
6901738597
6588289631
6496115809
7961714644
7328003666
7239045213
8419956606
7869254456
7882873805
4016646610
6011426740
2631106057
6492794989
7409340493
7207933836
7796901678
7563849696
7402088434
4002319040
8222125268
6174868364
6091239881
7516596402
9128534483
9167865596
8246785359
6619547541
7755440023
7180871119
7670750252
8227598171
9129617226
6350911041
7445047071
7271209469
7389216254
7886176992
7851596334
7319667619
7904273335
6972723005
7727072327
7770056606
7794403956
7392849285
7906443609
5655108205
7861470228
9097541801
2967029605
1958941347
7332111507
3189153514
2017456083
1041336035
6100641595
7946080808
2377207022
6166332334
5035639623
1921823204
6434721655
6013133162
6499731266
6580652804
5365104845
7370227489
7673723140
5949120077
8019330243
5852248179
8492170580
6482557003
2132112064
5187698385
2890546082
6074882011
6137657697
7569851977
5509233529
8463235139
7972512993
7513474834
6569921384
6327577471
7755965291
9193607395
7460255685
3799062335
8303452019
4080203018
9013342712
5079459659
6456188973
6984777643
6503015123
7772896922
5892158301
5774830346
7694753625
8483155612
2139523962
6973207024
9128394801
9003200104
1829125454
7636109683
7749949917
6426326748
1398613133
5405209995
8007388638
7122673964
7796935082
7542850422
5987978110
7884064356
5645507109
7838832747
7943128808
7312030084
5139440569
5977315752
3602361781
8370182530
5764809584
7928720300
5528191530
1819638285
4013765997
5262206939
5252573963
5997261953
6275972478
6661280541
7858658116
5044205282
8333410156
7458115759
6364052012
7874450900
7948687802
7764850922
6217063157
7829742098
7764984481
6692622961
9014433325
7731638000
6610729957
7730616363
7881452338
7543698031
5677614858
7776977580
7452891026
6136616007
7998006457
5338822299
8489061375
2747175561
3363520830
5343114283
5076500118
9036664025
6893649777
8494568906
7880341751
7213248838
9161336507
7667256203
7525612987
5088127417
8368977812
5237043788
5771693295
7759227361
5482729940
7953024871
7320862582
7774065649
8340853108
7893723293
7899842639
7541873099
7739615688
7766115500
7904117867
6897123702
7724531766
7321076779
9021109934
6377598144
7369985856
6021484382
6645398181
7984722437
7739781950
6295791255
7437347625
9065233048
7316829443
7202369104
7740595025
7800648204
6041706920
3196525152
1142648704
8020461359
6489353142
6235329109
5203426840
6475237909
5702798544
5335766409
7994055325
9075817134
6974963364
6372313953
5798230303
2675708077
5722466010
5224631551
5238553842
7872311486
7903383842
5583800298
6431557833
7682024439
6279341950
6738445173
6735734667
5897013321
1850595924
7753311636
7529133484
2778131780
8354947807
6447362170
7720475798
6331893890
7871591076
6361021197
7821231869
7991837246
1778092051
5396457825
6860321581
5789005553
6839485950
4022785517
7573420274
6374307885
7793633382
5579798596
7831887422
7963723724
7374605979
5369142130
7585749826
2380204885
1930197060
7981424245
5724063504
7832815594
7217526420
5192927910
4024933895
7383240384
5235950571
1353931062
7403993791
6811463845
8263957510
1829668194
6714942134
7801173325
3968762678
7867668030
6132295157
8225188670
7463986360
7489152747
8016986380
7916106274
5191194699
9077209504
7583615201
5693373712
2268930900
7271924735
7594969317
7776636427
6673172080
4070352786
7958342222
4082002978
6177456103
7824762459
1465712534
7833664469
6128955097
2163732362
7963285878
7342233559
8297360749
1938523582
5760252956
1997076441
8003318239
7752907039
7341830334
1602820127
1645773865
2101580371
1744332207
1813156405
6383231339
7642749023
7847389717
3186348307
7040127339
6911279909
7931508497
8018911178
7217972879
7324388579
6818451017
5973983850
3477137713
5701676831
7994545190
7751391865
7758070110
7990735980
7963259057
5161134531
7659626647
4011076851
7989270197
7974026187
8482715192
6586763443
1750353914
7723983490
2397487364
5290489371
7769555598
3752760153
7793715679
8014268469
5878749405
6906446835
5298103673
6511727576
1617037995
7770281457
5995009672
7870610825
7190401712
8001009828
6225634525
1238808414
7831616568
7627799501
6217948735
5465831238
5745955131
7917924988
2328053184
8019085252
8014673278
6094834130
6065559638
3197534104
5637450712
3802392173
7363225180
2369098201
1774133314
7515967174
4070086887
2832679664
7957105332
7999502877
8449187090
7738429832
7969022733
7933891082
8496735151
5874142116
5280500559
7926867132
7894006454
6131136232
8018217506
8012004808
7997229082
9079768839
7528809363
4097143797
2123121017
1859612140
7811282963
6537165624
7873003222
6519805583
3662207237
6096017956
8209646869
5152927568
7906157143
7869953950
4030164307
7898059826
7774830935
7955340934
8016700495
7762049428
7957550891
2385093791
2012816014
4071315916
7761753143
2811229141
6167911411
5976831237
6031059840
9008911926
5647506791
7751235499
5675431414
5743108728
6120854805
8017928650
7824168586
7997362318
8311808408
2193576645
5387208969
1900028321
5803667682
6422690674
7934468249
7893752710
7842199828
3375361812
7976484068
6066325806
7927974162
1808181880
1655880643
7917051865
7314513649
7923799586
5090229833
5435745626
6613273464
7824115059
9119394649
2710066130
2313665341
6558802353
6646119591
4081237161
7560209891
7873270351
6291187274
8321638928
6583988653
5407849375
2136181714
6725805257
6323720844
8020082488
5978985670
1899910385
1991247334
7618146048
6611096981
5987929640
7361825019
7717691315
7787098371
7889931117
7737379644
7675996173
9041417975
6701245135
8020561193
7904443991
5824429191
1415632563
4096745989
7405181141
5284641055
2110705772
2927659211
8235093478
6149009059
7740445685
5588192255
7745978269
5179781074
7295761034
4033462544
5644035777
7402958514
2992165102
9105945886
6349604984
5619096823
1963459541
5683807749
7872166759
8255410746
7645878099
6348098498
7963283385
1798540472
4008432860
1041833162
7002009828
1728434365
6103323451
2414296902
7247036341
5105826672
7706155911
8301482489
7690673065
7744647559
8284629659
7530556205
7809854658
7562390322
7774834320
7911713689
5558327637
7314957487
6569193399
7872768265
6334694175
8373483378
6549138864
3194108834
5627120411
5986053928
7462961912
4048985178
7373582590
7830488568
5890708992
7811702117
7965642242
7694893443
6355834417
7998367216
6692603383
8003473962
5633619615
6611661649
2257645882
7789726240
1703762423
4049793610
6703072999
7698843243
7635185752
7952967795
1764222175
8006195468
7669978811
7564625466
5207975822
7483071950
7952443376
7793066156
1043320390
7906539575
5332088063
7585740623
2525439331
9055629404
1771043431
4085051454
7956679339
5331130157
8261283952
1738153577
1767069085
5832827530
2167399205
7878889475
7723254306
1583871384
7919161729
5821304287
9136013738
5543569197
7741487395
3736491321
5768306511
6211932580
7185038261
5035375617
6114747819
9055081132
6600920188
1686453171
8009020395
5693356400
7731415346
2338926467
8010776362
1707276990
7924299690
1939219765
1005803500
5392686455
1825714845
7561574817
9164944927
7619103738
5810373556
1718629395
7736101972
7514076932
4002744810
7895089147
6941132018
5653297096
7464588756
3578525731
7418750257
7984507773
6514166668
7992133428
7794258010
7116101370
6086036861
7386690235
7796192729
7906265180
7439962757
7944612900
5521902065
7928509160
7829396608
6495438884
1224979032
3811115889
9105177520
1732118790
1493288554
7744545787
6006532045
7993916567
9086058514
7576857625
8377590739
2109670635
7747295860
6225534492
1883689991
6789045914
5993268178
6089276894
8226723108
2464543865
7170282426
7894095148
1922549154
2000016880
7572033818
1922251843
5468573115
5332800993
7950771194
7725872687
7042483077
2499572845
7290237252
2538901991
6490389626
7309236012
7308140398
9103901923
8008872435
8308086191
5503945428
8017275738
2439791555
5134922516
7616125476
3656018614
7397379179
5898336889
5319347305
3816487983
7473401884
3761324921
9092203159
2821325504
6469014701
5042881917
7824209889
5611751014
5700590897
7945260219
7943570686
5798827603
6075782520
5970873629
5774161825
5742985243
5618249620
9191950081
7858251904
6503832704
7305872623
5729888375
6409560260
5668287641
5531417970
7386828808
1965611851
6251387145
7486416795
3171427627
6586825729
6522616893
7748273070
9070601145
7889810273
7364408398
7924473515
7653684292
9129880386
4005967753
7773033867
4005709344
7632954757
6437788698
7940898448
7954592421
7407578782
8307160743
7924169011
7820311061
5308638233
6604836672
8017116737
7509645507
5692817874
7913895267
5573787111
6048631805
7615763989
7244268907
6347306563
2737421304
5702642436
8019566397
6509125645
7503291615
7593463174
3687145725
7980541454
7435883819
3117339790
7855550710
3994310560
3579168770
7967741198
7110463229
7389515508
7863217750
3509009564
7564112091
8015441020
8018804629
1742553870
7946293471
7901298848
5862184628
7619006227
6070202483
7759221778
7942820777
5088926260
5568268430
7955085502
7748711399
8482987244
5039165267
5977979914
7856409032
2994879547
6094019124
7186042554
7506610787
6285410536
7981398746
5651333866
6734109521
7771974496
4071128295
2725585327
7510972800
8009332650
7804991158
9192319270
7404283554
7287438403
7814027839
6739564122
3177332365
9051626920
6375873715
7262371477
6900765186
7940668632
1324192423
5401174930
7976384535
7562621808
6368573516
7383221797
7691332779
7937664126
1772832120
3218305550
1992993141
5498527756
2500838217
1992350413
7944797267
7603439621
2302924364
6212265067
8229112046
1738656541
6587834323
5610010688
7973797092
1805526943
7974348581
2264126857
8011731322
6691356615
8317286877
7868890220
6181426048
7568353781
7461802929
1790397461
7884370003
2602590395
1405084915
7434451089
7936161392
6394268816
7888463483
5936816566
7742658013
7643971064
7435862870
6480837055
7432620168
3226484837
6522372527
6016127794
8016763758
3891713474
7026811299
7926251546
7999758573
6304866844
7614497496
7444059931
7958927466
5502073906
7444960927
7796815695
6159453256
7275139396
9075518387
7857998053
2372493081
7751291162
7986298482
7984395396
2093930350
5519831015
3309542817
7805887443
1854368294
6581915711
6477087107
7786419318
1650237967
2296863651
7792467728
5698843322
7483904485
6314108149
7550618479
9078405079
7752180427
6576105128
4025234525
6561850575
7076905800
7908389600
6559638568
3337334140
6587378770
1695808254
6351324270
1217177342
7936336250
7268664863
7945349856
1457478803
5642070364
6313576769
7521494616
9060495045
5781215142
4075256516
3252065082
7223635465
9128273250
7846722389
8011826949
6303883280
2570141915
8014700936
6266661847
1686576254
7997114595
7433968429
2316073397
5291824241
6183833904
7349164371
2271051770
7728569722
6247134832
5972606618
7867385360
6323642409
3247659100
7622181916
7575858743
7861455856
7603420396
7482319831
3074730291
3721648607
2795573732
7789059175
5522119024
8490407976
6379437114
7562031497
7859128673
7943802620
6418279709
7997017297
7948901511
7818243338
8019095318
6630584542
7497238614
5226579602
7413496788
3793376747
9019153175
6022361875
7383256968
7535013561
7346819974
6229176947
8417945232
6224572721
7928680272
6189762791
2708380601
2287128977
1801891571
5984936416
6303049413
5390847473
7196844774
7860823493
7820687636
1431186013
5611438906
7854429818
7772860651
5568426148
1803791884
6483053076
8384079150
1281786267
6208015597
7202532039
2393293065
7999179446
8420540588
9144477361
8273686243
1584878162
5706617807
2835623475
7922367439
7423060499
7965740463
5355367905
7955050420
5266458278
7905338936
8492954369
5936612868
6608124820
6583584198
8016208235
8344805836
7397649297
7868076089
5210391015
6563813965
1790566345
6512315931
7266529026
7638615903
8005645472
8203903876
6499879579
5922434075
7916125201
7992033102
7263678999
8019669292
5192457870
2583557104
7797250965
7911311058
7638942349
5395575128
8491997952
4067383175
7933691501
6528340503
7951914389
7791978325
5629804622
6580224013
5521709842
5973816857
8349114484
8338268821
7441845014
7863830232
8283603435
6150819933
8259473888
2918130015
6406536494
9092456426
6470856135
6126586050
6180828580
7975361159
7966608519
7994966281
8349002652
8016293560
7879497823
7833595962
7588507261
5589774399
7935356404
7936393644
7957899761
5597994819
1612415394
7972057998
7408786632
6758317723
8250647682
1326875221
6300551277
7589016891
5869396778
7777859745
7752308402
9070155029
7065974977
2208860500
8016979291
7638362010
8434716970
5102492581
4002946879
5290579861
7070157732
7774206498
3235124535
7845979408
7574401342
6633237110
4031071515
8427051393
7273944592
5264093917
7961630743
7771386591
6459100833
7956718679
7921878679
5685391565
6197925151
7209559390
7952096543
7386496838
7597219778
7932670476
9060881065
6732243799
6661769075
7305836305
6596892762
7806995672
8005378195
7959884154
7819652648
6010826861
6106376402
5838186757
2810022793
8008046276
6569969700
7532286877
7808728211
8274973015
7939187478
5279973628
8015047476
7553797695
7828461406
5534591555
7368272869
7914118196
7350236502
5948797767
7927214445
5033120023
1968132893
8456054827
7871172445
7525910754
7744453769
6045670447
7287655249
6009065600
8017271088
7756292394
7736766582
6479537198
9028291388
7549546342
7946023660
2450675310
7805058385
7824864575
5235258348
7859932814
7816063413
2099634033
7936738144
7723604017
7832892903
5840221461
7348613880
8239064655
7503091916
4064538942
9143847168
7950645724
6838355950
7340193926
7743074411
6483522706
8451522059
7138854675
7896346208
6212689671
1080082782
7953129291
8011306869
7281358568
7610283714
6588392681
7493344319
7781603455
7530084658
2281150665
7788148655
7458604933
3709876987
1468334170
5717166236
6040767935
7911785113
9001128046
7976807130
7928739087
6285771277
7280917916
4036128302
7671790308
8301349795
7725461604
7675116383
7778067837
9062871079
8369711882
7411432226
6470514534
7793222001
1709797027
2645127285
6302132383
7316856702
7514315259
6348046889
7902180405
1761861571
7378240024
6577687449
7786593288
7444093572
6307912744
7839099990
7850928801
7887765140
7625792995
7886901891
7819337506
7757345439
8354839182
7704075979
8281080712
7789142521
7393542790
7928680816
7564016652
7845505465
7441623423
5747581573
7647225305
5494772240
8435488273
5213216717
7460612058
7796427497
1921863533
7844356644
6315304885
7440146770
7630150367
7782597070
2100347381
8011615642
6025813330
8224627157
7593635100
2942591927
7796017451
7980258468
6067485284
6495890957
7795977615
5702284949
6964686487
7714810938
6897473925
7889576322
7975532311
8008605070
5513950153
7265874552
8008416176
7827590781
5605373049
7332029440
6090856869
7768835231
7631322166
7861770102
8407073962
2910880737
5994992326
7246715259
7941293879
7504488754
6984349067
7212694607
6399197893
4079646234
7372386118
2040000397
7710618309
9151766960
5585715021
7413026260
6455623587
6235374597
8248399869
7486535210
6122825047
7892143458
8211441253
7941917003
8320986079
7365645983
6972791419
6368058820
6280923882
7937847919
7862957546
7346205316
6506440216
7552709310
7242609734
2502490971
5849255446
6016706749
7545746601
7914689550
7969888291
7891825732
6312704742
8018975200
5835955213
7992397890
4025180766
7520312878
6509113256
1878217990
8400529811
6277657361
7801253467
7968850644
7856289457
4018473743
5847956742
8232171162
5909230635
6513617787
7520200305
9138812989
7753872473
5287336686
5912546536
7638397727
2668754273
8213892394
7362008198
1767132057
5644965549
6461824085
8273508131
1017737157
5963589853
2141983475
7893065216
7981934743
8483721787
8019356295
9161195233
3758899623
6333755416
7497778403
7739984462
9175076862
9060226873
2009243311
7117380013
7960965771
7488072900
3344478220
7983246046
6428849430
9166949201
8364604840
7555986973
6237431395
6701161957
6502656575
7436536133
7874527049
7399846887
6280547085
2162294705
1765619533
7389889051
7428838169
7674684926
7866675639
6458588201
7052867236
8205277099
3193761902
5846568533
8480987395
7972502014
8004227878
1859648380
7983089242
5900164527
2810569304
6277502760
6988435557
4066612090
7793920740
7245245670
9151885025
6672539343
7322696134
7445919074
4052324815
1783652551
8427231143
7173353953
7892734137
5125628289
5680068765
2252404924
5657109353
7840619747
7939669619
6555255205
7720381252
7278337754
5672965813
7486612072