1029207511
1041705884
1044173452
1062853110
1067572881
1068248497
1074273855
1076907402
1095240537
1095325032
1100856704
1108629855
1109896367
1111681197
1115171733
1151243311
1154814715
1157864602
1163858357
1167720097
1168377245
1170934721
1170980471
1174692545
1180536407
1189615035
1191867367
1192966660
1195908387
1199129295
1202752293
1210611905
1216826604
1223812162
1230195200
1231148270
1231317854
1233486457
1235437290
1237389341
1240037280
1240381745
1250306804
1253846303
1257000310
1283431191
1291471320
1298775150
1299532580
1303913170
1304227264
1304881564
1306484861
1314671212
1344386244
1357064103
1373558345
1401527553
1402400261
1403915120
1404727022
1406892441
1407122607
1408078073
1408125600
1410812623
1410818932
1420174783
1422501124
1433680664
1440021635
1448495451
1448799887
1458494820
1463781897
1464920000
1470809487
1476817753
1481944214
1496814155
1496883514
1497035431
1497266011
1511804135
1528274033
1548674942
1552849431
1560859114
1560906700
1561884412
1562293297
1564134663
1564834725
1567560777
1568061967
1570402450
1583607592
1584526667
1592684195
1593933550
1595443924
1600273870
1613678254
1614137095
1617566333
1624195875
1627825392
1628951200
1633537680
1638620395
1638832591
1639225703
1639529981
1644101945
1644700745
1645215240
1646107667
1648262210
1649005320
1649586835
1649679354
1652842013
1654999207
1655427327
1655890975
1658768790
1658958533
1659893422
1661598840
1662908172
1664207987
1669134634
1669197345
1670183810
1671109627
1676594793
1677659222
1680990025
1684838781
1687426162
1687431233
1689583854
1689776415
1695976033
1705975220
1706699904
1706943800
1708942053
1709455201
1710414372
1713961440
1719156677
1721284411
1723309721
1725876907
1725941200
1727858283
1728715190
1730317584
1733763180
1736665660
1737992534
1740890881
1742566624
1742703365
1742775535
1746575865
1747264240
1748182764
1749127163
1750270991
1751209943
1753015991
1757381295
1759015447
1761179351
1761723323
1762563977
1763831941
1763864272
1765048047
1765282047
1770418834
1771878003
1773206563
1775084261
1775646432
1776016817
1776563237
1777378675
1780808275
1780969473
1781394465
1782370260
1783475181
1783497251
1786833911
1787526981
1788736095
1788857141
1788911247
1789001093
1789505151
1791440130
1793272700
1801122223
1804990662
1806958811
1811893237
1812175903
1813359803
1816029971
1820201245
1820731083
1820840251
1821050750
1823630913
1824015157
1824247375
1826923690
1828543234
1832665202
1838871717
1839666955
1841306841
1849992503
1850017837
1850913310
1851164664
1852299857
1859661774
1862364383
1863031164
1863389800
1863735295
1864135524
1865886352
1871821935
1874361623
1875293522
1880647562
1883564374
1885688010
1890573293
1892653244
1898883457
1898968765
1900586141
1900874731
1902667227
1903256441
1906286443
1906965725
1907595471
1908368722
1908567493
1908960725
1913094142
1913348271
1917884865
1921178767
1924585171
1928878291
1935084477
1935396210
1935622204
1939307525
1944375784
1949112803
1951625194
1952501791
1959830294
1960625124
1961381224
1967542335
1969023214
1969030412
1978220107
1980569103
1980768563
1989660417
1992133181
1992350413
1994516565
2001530981
2003059572
2013006481
2014433131
2019071187
2020307952
2021712187
2022252207
2025110773
2026500513
2026873597
2027320563
2032759640
2038194195
2039562597
2046281757
2046862301
2048277712
2070213285
2078727271
2083115713
2090591961
2097327871
2099300141
2099591797
2099868183
2101707714
2103328463
2111054094
2113917685
2114385034
2120754067
2123226963
2125224720
2129432122
2135129011
2139949234
2144032090
2149065857
2151481347
2152073535
2155926845
2156211775
2157630993
2166792032
2169039837
2171301395
2172327992
2174951252
2175933732
2182537064
2194035935
2196096201
2199837712
2214257545
2214838982
2219081602
2239012921
2242952772
2248207595
2256839033
2266865584
2267637597
2275284204
2276706592
2281157913
2287365501
2288486705
2291282781
2296177641
2311220300
2323589097
2343014623
2354950807
2365961811
2373318990
2378928115
2382064902
2382356540
2390709503
2397417584
2400812345
2403484123
2406947627
2411362032
2412864435
2416797162
2421031427
2423325250
2423757750
2431485513
2437016970
2437958991
2446930557
2450743314
2458743132
2492465520
2497196192
2522029552
2522098777
2527520833
2549228714
2556073954
2557557267
2565269870
2570090683
2570732715
2575008657
2575736391
2577139143
2589483787
2605733722
2606812875
2611415173
2611641261
2612968661
2614834404
2624755655
2625070633
2630431533
2643365902
2663073697
2670328623
2672926347
2685739693
2686948620
2690465144
2695992381
2703043681
2707204320
2710886340
2715040284
2720608820
2730824377
2756425437
2768155065
2785240514
2789324301
2790987297
2793921830
2794283127
2817219501
2822914093
2827386331
2835750511
2838117237
2853133452
2863550510
2879367221
2879580473
2885079730
2885273312
2889942201
2928445695
2930220577
2943098833
2945303781
2963774131
2993723660
3010420480
3022732373
3023250933
3026655733
3031762330
3046440211
3046823101
3053381063
3059104773
3064209773
3069348215
3073043977
3098510521
3099016097
3107726980
3115259807
3129021293
3141296113
3162908681
3164835813
3169704303
3176909272
3178093153
3186116445
3188493450
3191297302
3197563225
3197845214
3204924917
3207410361
3210079804
3214236040
3217179555
3218669447
3225422170
3230095234
3243016761
3255081752
3268730370
3271935141
3276099007
3279710155
3286765707
3291475932
3309403941
3372316330
3404892524
3468000640
3487727727
3536193853
3547147454
3566797532
3612107761
3626485974
3641513235
3689493785
3691301143
3725773862
3746515625
3764674343
3766773034
3768854581
3771251624
3775056661
3803718213
3809463097
3838273680
3841607108
3847642518
3860575626
3895107933
3898612300
3921061832
39297060
3946450229
3953405721
3955562634
3973951917
3983107276
3991770291
5025610811
5033393722
5040955225
5041432467
5042084940
5047102394
5051815423
5062617355
5075479643
5075933017
5078115336
5079631766
5091912327
5092899000
5094114050
5097562275
5099780694
5101364451
5102099498
5129369274
5133398530
5139830665
5143998400
5157634999
5167198527
5174017612
5189409858
5198011111
5214609492
5216072065
5222911524
5227617391
5230132970
5230977479
5236032763
5236261440
5236903306
5243061255
5246138921
5247853729
5249067681
5253090679
5268286022
5268357087
5271849891
5274336717
5291824241
5292143489
5292677836
5293335778
5307012945
5309242436
5310881268
5313269158
5318599151
5322599154
5327532556
5340337769
5344907213
5346944523
5357699078
5376089014
5378554279
5386924056
5400431801
5408161537
5408218082
5410945006
5417515998
5430433009
5440374917
5446651766
5455747538
5459748072
5464650240
5472011311
5492369633
5495346798
5500863391
5522387632
5528452942
5528502495
5536819247
5539703320
5542203649
5558536910
5564927603
5568105488
5568490146
5574407334
5577284446
5581661574
5585126261
5585319407
5587677731
5588070144
5591485683
5596373316
5598598518
5605422577
5613518768
5622800353
5628031823
5631075706
5638578896
5644357953
5649624264
5652298665
5653096783
5653844433
5655882037
5657426591
5661930174
5663781982
5675449379
5679399630
5684628195
5694463602
5719836546
5722964389
5730058902
5736325562
5745346177
5748066288
5751181769
5753984078
5771690234
5774279483
5785439181
5785545197
5788900304
5792036449
5801748561
5821279480
5838373206
5842676628
5848195240
5854375696
5862006754
5865955200
5870056913
5872812692
5884508227
5884828219
5886158017
5888252858
5927542314
5937986794
5947101696
5955106173
5955723901
5974298950
5978619406
5979495016
5979629331
5979914350
5994510932
5997605338
6001587940
6003325152
6008537272
6010864489
6012317601
6012398448
6013249944
6014294450
6015780282
6033587203
6034554198
6036079025
6036216308
6038922387
6048569942
6059492811
6061180654
6078882469
6083372421
6084068993
6086304243
6087990905
6089150236
6089520367
6092428387
6105106096
6105986358
6128329691
6134393125
6146539952
6150273786
6150557364
6159487799
6169408204
6170652238
6173227290
6178081953
6191225907
6198648442
6205328061
6208694832
6209998327
6225990601
6226714046
6232023735
6255972038
6257740340
6258246662
6268515072
6268858053
6275823489
6282046503
6288710994
6296447045
6306116957
6313239327
6323095999
6346787731
6347122953
6355176057
6357016358
6373288346
6392708119
6402461111
6402916624
6420726021
6425338880
6441220630
6443590321
6444095785
6447601083
6456646490
6456703639
6460290493
6463014973
6466918312
6468961102
6482066266
6483610078
6485156633
6486219298
6502531152
6503949205
6506875461
6513347064
6514448170
6530819997
6532376169
6537214948
6544446576
6545577536
6557102703
6559402245
6572777608
6581783354
6582188142
6587717377
6588821515
6589148811
6593383189
6597729766
6600091395
6601905753
6604663736
6611546132
6617909290
6626006317
6677101977
6710452173
6716503641
6736069432
6748445859
6784296703
6785363239
6822793633
6857572031
6870663446
6872641261
6909568361
6915786721
6973280807
6983976608
7000669644
7002084904
7006372128
7010131150
7040797671
7063636894
7069777508
7072228400
7096055033
7121642724
7126731879
7193605852
7203889285
7210480070
7248140181
7264493800
7264589101
7273309935
7277232894
7280445329
7281458191
7284299679
7289401073
7301389190
7304186240
7310587003
7311299492
7312534962
7316779238
7319398430
7331622139
7333636737
7335979459
7336982168
7340870586
7341744407
7360795486
7374814530
7375654205
7375721876
7377610224
7379843360
7383392999
7394892032
7399868061
7403881664
7412410793
7412465025
7433207980
7448292615
7449051408
7465085685
7467004060
7481512834
7485768329
7497027451
7508183959
7508399478
7508798765
7509646499
7512176645
7513283971
7514662777
7517250837
7539606280
7573929055
7576256339
7589543151
7607376925
7610364075
7619389443
7621518452
7623922115
7678898084
7690421709
7700804631
7711753752
7715394368
7722171718
7726412749
7737164717
7738441843
7742275547
7745640049
7749971494
7751509776
7762107285
7762177291
7764930969
7766285690
7767447628
7773749317
7786795474
7795768607
7799514066
7804528253
7806338012
7809432740
7819800760
7825391749
7825912715
7839949296
7840319821
7840696674
7844581127
7868440390
7872687466
7888222767
7890581442
7901009132
7916080447
7916274723
7927797263
7929992524
7930893260
7933168394
7937911284
7948257243
7948367302
7949833663
7968841590
7973900387
7982074566
8002075967
8008636302
8403359027
9091091895
9181001670
