2028810631
2656274875
1618051664
1784473157
5044281310
1154814271
1642512402
1496814565
1649173367
1314608344
6105713761
1845864154
1720962692
5625245150
7516679696
7750822151
1796087453
1885454921
6351705477
7519584823
7360594450
1974808274
1992613670
5182171545
7308140398
1672519561
1420157965
2286092114
5463794433
2620088113
3229962754
1893761531
6393904893
5465565905
1990309453
3604378011
1750822455
1301904252
1668589317
5890672121
2083844833
1751714412
1738004582
1737943044
1960785875
1889690730
1663148275
6221932120
2443459455
1909377960
1691507817
1768541657
1280846847
1931238691
6268375888
1746067030
1649195742
7373111326
5140353001
7530568901
3500618431
6369501744
2342024544
1959451603
2000016880
6344662785
6112949209
1675961211
1653545015
1774181624
1037515071
1718950972
1952262350
1926641510
6351311597
1791298665
2622056220
5108550554
1791805181
1986954045
1702883112
2746136993
1763084680
1929329727
1723216063
1879476167
2806170583
2587896052
6184078109
2033266797
2216791820
1685715705
1697698951
1966478617
1880087643
1744361825
2460937233
2115259662
7030322196
6321540324
5866331795
5637065453
6020516658
1756780051
6268474301
2647971081
2532700305
1764647261
5396094153
2848929290
1768470921
1887802145
1832083124
6485617783
2464469440
2171757642
2042940315
2292899701
2013046764
1841045117
1288429914
6294758863
3213983693
3253939390
2013936642
1801711864
1935474455
6153259652
1867085277
2002474925
1903041772
1699493494
2248827472
1887724290
7472808083
2169891005
1856446532
7310345737
2434045277
1971890623
3701555977
1734252941
1684790931
1913366611
3844617568
1912418133
1747173625
6463263421
5507836092
6068019631
1929953497
3019319754
1657914910
1725252714
1685262231
2151548993
2525457764
2252846093
1721205682
1562479250
1842657221
7788589999
6524697382
1859550620
2280447025
7728270349
2346031615
1403842922
1747774447
2711475123
1002410351
2118205862
1703691672
1970150825
1710390641
2553604372
2208160981
1952243345
2285465221
2097081305
3048800300
2084608441
5018717710
2836008441
7310744124
1764598954
1752863270
2085931962
1305535363
1712155722
1895863152
2105171747
7463056101
2248134120
2561370887
2696533861
1744729263
1760204152
3003665760
3179451142
2232583344
1974535345
1786811150
2291471981
1682742555
2416562140
1760485657
2017957503
2424035473
1732112365
1989020644
2640662852
2659523842
6352021247
2129611710
2128340163
3401508324
1803608792
5358376439
2274557072
1898996141
2718644634
1948997462
1917085564
5487662359
2595230622
6582978311
1867427515
2282314634
2619827023
2424587420
2416967903
2739211877
1282058657
2119287657
2245266941
6640396619
3876521600
2175349040
2512851283
2125778041
1636678683
2375104471
1223117947
5110102798
1922313440
1731943311
1655039853
1827114100
2094054333
2699180811
1638781994
3226841595
1878413721
1865979352
1192119933
6723451236
2258223873
2286386250
2624476495
2618902784
2305840117
2035413034
1975835781
2885831344
1897082021
7518615348
2598722917
1764220904
5508662598
1959278670
7752729208
3233007044
3219032893
2344017325
1862743724
5668278967
6979546667
3206929472
2013300081
1739790885
5883755378
6154234421
7729978677
3066213245
7467066314
2100774680
2011647740
1836275055
1904155900
3649062440
1872144994
1712829275
6028520184
2180710425
1970833007
1976397595
2232634762
5893229038
1969842497
1895860782
7307002224
6092578444
2793767913
2677918273
2458522024
2878446814
3242158197
2539961154
1852017973
3516620660
2138752847
2574043673
2397336364
2275919465
5148524797
1285942703
2486181921
1763569030
1813025482
1858138204
2619143381
1699540307
2722566443
1731007220
6301835196
2769885021
2217364423
1851764777
1775895885
2758600422
1932461307
1625445362
6208962672
6724296606
1403693480
5244668022
2338098115
1412484181
3513859023
2097194084
1996224695
1788128381
1364882532
1798361341
3641592733
7123394874
1761136543
2316545442
3621863971
2509452632
1722024371
7637562608
2498410983
5582931309
1931219195
2533623790
2336890754
2798156675
2618381931
7728745629
1988518703
3545864881
1689626684
2081131373
2624136152
3917575895
6206622731
1834341964
2171672502
1766664505
1914891324
5336533996
5533548092
3231920057
3158981002
7881545634
1987543647
2145235811
1928851682
5077747311
5682172050
7860997354
2280198017
1805672931
2617894343
5617030362
7624372410
2567203907
2298114555
1768578605
1664462585
3211008582
7466901942
1631180077
6073818404
1893849534
2710553287
1951123110
1309504203
2246347632
2609671010
3802136340
3935844347
2703033997
1866013100
1642632622
5743580241
3966586734
2042503633
2627346551
7751240604
7761805397
5611549371
7708039348
1523766213
7739029497
1884488621
2097024354
2641686425
5454994512
6168007956
1698823241
2418724427
2816167560
5461853682
2759348142
5703799536
5876448064
1908194624
7750140596
1985593262
2011739333
6828504121
2737798435
2616746035
2752396553
1905843503
6066193547
1705347943
1984581081
5585485049
5883814680
5211979483
1068246700
6005843218
5641055499
5120551209
7590570074
2683943924
5902314049
1988438334
7312171162
2489610225
3164957712
1296738653
1650414555
2998045524
2239082677
1842312240
5211873777
2184024913
2892786960
6417271136
2696049583
1688864597
1668926483
2568435544
7787398007
5828047833
1892327960
7395298024
1262931363
6344061797
6452231600
1882481753
6724296583
5131766197
2993099575
7791215292
5149608258
6617200584
1730866981
2269599497
6141086679
3502801212
3839222393
2568309141
5710586189
2775872784
1807431510
1498135555
6502576408
6384589361
3229450293
3072617347
6166805925
2541592687
2030371897
6351033817
1714800385
5579586356
2011874330
3535175740
2607972104
7399555658
2784361770
2726922721
5227292968
3950759014
1746072563
3514316985
1937187173
6867368137
2610594573
3919628624
1909250714
6396634787
6158344658
6290681974
8244119413
3687019147
2949913010
7529786157
1896456970
2403752844
2461865593
5892437306
7392563708
6562109231
2626472787
6345673059
2565811051
2658495375
1571895797
5696766151
7480894382
1919093047
7007048546
7200286002
3019117930
1843773975
2674480623
2616693703
2275307401
2712137280
1888725725
3206440331
3883727101
2051258110
2665774271
1812581591
1841520073
2823995382
2105365573
3162510465
2207702064
2549578244
3315784023
7744960129
2278476553
1351857812
3195619433
2232625672
6275620474
5281491251
1862760991
3909815234
2074376453
2813313591
2710498342
3798503424
2177670634
2730232527
2588129880
3092911884
5947075621
3982531008
2907506874
2634384567
2392207942
1921103731
5460202851
7793018687
6031682587
2812700960
2299820724
5816696988
2179493931
2701679922
6558766829
2913232887
3871653918
2614794915
2526587043
2687386043
2135815322
3227190870
1807964582
2101683360
1885504473
2643346122
1880252175
1959108157
1710466583
8017524681
3319940460
3195538854
2361849117
6213974274
1304810257
1911448443
3910409754
2009871147
1621548275
1829407315
7064044917
3563775165
3176459727
3963449297
1815141783
3174810610
7267393521
2631050210
1873790274
1704185933
2488065823
3708395841
5209171085
3195579922
1898001704
2985080603
2372988170
1871642771
2983436751
5186000071
1924853635
3491895860
2177412401
1842106923
3268152967
5279514376
3080997970
5444842501
2287671204
1660426872
6458532121
5033508400
3013925742
3439488490
1970349660
2470331892
1997404651
3514408660
5550357934
5207782519
7479404791
2505952710
2056760950
2665471033
1435797381
1562348375
2997639580
3317202677
6280360783
2303997377
3577849617
1997478155
2105042530
2197856532
3662848233
2588129952
3940091141
2875455054
1767957772
1917366833
5623185245
1883739571
3186551403
3206817844
2341807380
6280360781
1973301333
3312881404
2815494720
1664221137
2588129872
5907979589
1900386810
7397032077
2257737675
2635179330
3649418972
3744998007
2504282715
2546200955
1863743931
7307826391
2594033604
1665222757
1750359554
2811257732
3205295640
2881676250
2043135223
2468420100
1894101027
1646783695
5044771484
5219022556
2952745544
5071702655
6551801088
1919974821
7748932795
1773417900
2686366423
1751287025
7126605018
1847563035
5427461387
7481433853
3895563329
5183742166
7583528622
1973019692
2373359497
1948570992
3181999902
3870787200
2499028995
1655730377
3910199946
6069410213
2634164451
2457533607
1645167401
1703947507
2782520515
6026182203
3248241212
1891758914
3302337561
3270666330
5183786151
3933790061
7435221765
3923522861
2705142181
5623223175
2384313902
5181771928
3303949964
2826319254
1842527192
2034377792
2073517875
2251051872
2346571355
3917937138
3614755853
3186551407
5182438416
2039862493
2344846131
1809551505
1814297323
3860420669
2739864001
2588129912
1494913792
3977865156
7522644963
1641302667
2082241847
2187110740
2299668755
2267312394
2061539941
2351755421
2485817127
